# Rhino

mtllib circle dashed.mtl
usemtl diffuse_0
v 0.11791196 0.089040681999999996 -0.085979923999999999
v 0.11791196 0.089040681999999996 -0.085979923999999999
v 0.11791196 0.089040681999999996 -0.085979923999999999
v 0.15831066999999999 0.14845857000000001 -0.085979916000000003
v 0.15831066999999999 0.14845857000000001 -0.085979916000000003
v 0.15831066999999999 0.14845857000000001 -0.085979916000000003
v 0.16782025 0.13894898999999999 -0.085979916000000003
v 0.16782025 0.13894898999999999 -0.085979916000000003
v 0.16782025 0.13894898999999999 -0.085979916000000003
v 0.10840237 0.098550267999999996 -0.085979923999999999
v 0.10840237 0.098550267999999996 -0.085979923999999999
v 0.10840237 0.098550267999999996 -0.085979923999999999
v 0.10840237 0.098550267999999996 -0.085979923999999999
v 0.10840237 0.098550267999999996 -0.085979923999999999
v 0.16782025 0.13894898999999999 -0.099407344999999994
v 0.16782025 0.13894898999999999 -0.099407344999999994
v 0.16782025 0.13894898999999999 -0.099407344999999994
v 0.10840237 0.098550267999999996 -0.099407353000000004
v 0.10840237 0.098550267999999996 -0.099407353000000004
v 0.10840237 0.098550267999999996 -0.099407353000000004
v 0.11791196 0.089040681999999996 -0.099407353000000004
v 0.11791196 0.089040681999999996 -0.099407353000000004
v 0.11791196 0.089040681999999996 -0.099407353000000004
v 0.11791196 0.089040681999999996 -0.099407353000000004
v 0.15831066999999999 0.14845857000000001 -0.099407344999999994
v 0.15831066999999999 0.14845857000000001 -0.099407344999999994
v 0.15831066999999999 0.14845857000000001 -0.099407344999999994
v 0.15831066999999999 0.14845857000000001 -0.099407344999999994
vt 0.34992688894271851 0.88561046123504639
vt 0.34992688894271851 0.88561046123504639
vt 0.34992688894271851 0.88561046123504639
vt 0.49282541871070862 0.64175063371658325
vt 0.49282541871070862 0.64175063371658325
vt 0.49282541871070862 0.64175063371658325
vt 0.27441450953483582 0.64901208877563477
vt 0.27441450953483582 0.64901208877563477
vt 0.27441450953483582 0.64901208877563477
vt 0.73545265197753906 0.99984842538833618
vt 0.73545265197753906 0.99984842538833618
vt 0.56911468505859375 0.19667208194732666
vt 0.73545265197753906 0.99984842538833618
vt 0.56911468505859375 0.19667208194732666
vt 0.99463468790054321 0.70278841257095337
vt 0.085799127817153931 0.51223045587539673
vt 0.085799127817153931 0.51223045587539673
vt 0.75935053825378418 0.42275047302246094
vt 0.75935053825378418 0.42275047302246094
vt 0.75935053825378418 0.42275047302246094
vt 0.62819588184356689 0.64434844255447388
vt 0.62819588184356689 0.64434844255447388
vt 0.00020188093185424805 0.97680258750915527
vt 0.00020188093185424805 0.97680258750915527
vt 0.99979138374328613 0.33143150806427002
vt 0.48484820127487183 0.19681662321090698
vt 0.99979138374328613 0.33143150806427002
vt 0.48484820127487183 0.19681662321090698
vn -2.9802318834981634E-08 5.9604637669963267E-08 -1
vn 0.70710664987564087 0.70710688829421997 1.1920928244535389E-07
vn -0.7071068286895752 0.70710676908493042 0
vn -2.9802318834981634E-08 5.9604637669963267E-08 -1
vn -0.70710664987564087 -0.70710688829421997 -1.1920928244535389E-07
vn 0.7071068286895752 -0.70710676908493042 0
vn -2.9802318834981634E-08 5.9604637669963267E-08 -1
vn -0.70710664987564087 -0.70710688829421997 -1.1920928244535389E-07
vn -0.7071068286895752 0.70710676908493042 0
vn -2.9802318834981634E-08 5.9604637669963267E-08 -1
vn 0.70710664987564087 0.70710688829421997 1.1920928244535389E-07
vn 0.70710664987564087 0.70710688829421997 1.1920928244535389E-07
vn 0.7071068286895752 -0.70710676908493042 0
vn 0.7071068286895752 -0.70710676908493042 0
vn 2.9802318834981634E-08 -5.9604637669963267E-08 1
vn -0.70710664987564087 -0.70710688829421997 -1.1920928244535389E-07
vn -0.7071068286895752 0.70710676908493042 0
vn 2.9802318834981634E-08 -5.9604637669963267E-08 1
vn 0.70710664987564087 0.70710688829421997 1.1920928244535389E-07
vn 0.7071068286895752 -0.70710676908493042 0
vn 2.9802318834981634E-08 -5.9604637669963267E-08 1
vn 0.70710664987564087 0.70710688829421997 1.1920928244535389E-07
vn 0.70710664987564087 0.70710688829421997 1.1920928244535389E-07
vn -0.7071068286895752 0.70710676908493042 0
vn 2.9802318834981634E-08 -5.9604637669963267E-08 1
vn -0.70710664987564087 -0.70710688829421997 -1.1920928244535389E-07
vn 0.7071068286895752 -0.70710676908493042 0
vn 0.7071068286895752 -0.70710676908493042 0
f 1/1/1 7/7/7 4/4/4
f 1/1/1 4/4/4 10/10/10
f 15/15/15 21/21/21 18/18/18
f 15/15/15 18/18/18 25/25/25
f 23/23/23 2/2/2 11/11/11
f 22/22/22 12/12/12 19/19/19
f 8/8/8 16/16/16 26/26/26
f 8/8/8 26/26/26 5/5/5
f 9/9/9 3/3/3 24/24/24
f 9/9/9 24/24/24 17/17/17
f 27/27/27 20/20/20 14/14/14
f 28/28/28 13/13/13 6/6/6
usemtl diffuse_0
v 0.16802381999999999 0.13852861999999999 -0.085979878999999995
v 0.16802381999999999 0.13852861999999999 -0.085979878999999995
v 0.16802381999999999 0.13852861999999999 -0.085979878999999995
v 0.19166747000000001 0.20637786 -0.085979878999999995
v 0.19166747000000001 0.20637786 -0.085979878999999995
v 0.19166747000000001 0.20637786 -0.085979878999999995
v 0.20331429000000001 0.19965357 -0.085979878999999995
v 0.20331429000000001 0.19965357 -0.085979878999999995
v 0.20331429000000001 0.19965357 -0.085979878999999995
v 0.15637699999999999 0.14525291000000001 -0.085979878999999995
v 0.15637699999999999 0.14525291000000001 -0.085979878999999995
v 0.15637699999999999 0.14525291000000001 -0.085979878999999995
v 0.15637699999999999 0.14525291000000001 -0.085979878999999995
v 0.15637699999999999 0.14525291000000001 -0.085979878999999995
v 0.20331429000000001 0.19965357 -0.099407314999999996
v 0.20331429000000001 0.19965357 -0.099407314999999996
v 0.20331429000000001 0.19965357 -0.099407314999999996
v 0.15637699999999999 0.14525291000000001 -0.099407314999999996
v 0.15637699999999999 0.14525291000000001 -0.099407314999999996
v 0.15637699999999999 0.14525291000000001 -0.099407314999999996
v 0.16802381999999999 0.13852861999999999 -0.099407314999999996
v 0.16802381999999999 0.13852861999999999 -0.099407314999999996
v 0.16802381999999999 0.13852861999999999 -0.099407314999999996
v 0.16802381999999999 0.13852861999999999 -0.099407314999999996
v 0.19166747000000001 0.20637786 -0.099407314999999996
v 0.19166747000000001 0.20637786 -0.099407314999999996
v 0.19166747000000001 0.20637786 -0.099407314999999996
v 0.19166747000000001 0.20637786 -0.099407314999999996
vt 0.34992688894271851 0.88561046123504639
vt 0.34992688894271851 0.88561046123504639
vt 0.34992688894271851 0.88561046123504639
vt 0.49282541871070862 0.64175063371658325
vt 0.49282541871070862 0.64175063371658325
vt 0.49282541871070862 0.64175063371658325
vt 0.27441450953483582 0.64901208877563477
vt 0.27441450953483582 0.64901208877563477
vt 0.27441450953483582 0.64901208877563477
vt 0.73545265197753906 0.99984842538833618
vt 0.73545265197753906 0.99984842538833618
vt 0.56911468505859375 0.19667208194732666
vt 0.73545265197753906 0.99984842538833618
vt 0.56911468505859375 0.19667208194732666
vt 0.99463468790054321 0.70278841257095337
vt 0.085799127817153931 0.51223045587539673
vt 0.085799127817153931 0.51223045587539673
vt 0.75935053825378418 0.42275047302246094
vt 0.75935053825378418 0.42275047302246094
vt 0.75935053825378418 0.42275047302246094
vt 0.62819588184356689 0.64434844255447388
vt 0.62819588184356689 0.64434844255447388
vt 0.00020188093185424805 0.97680258750915527
vt 0.00020188093185424805 0.97680258750915527
vt 0.99979138374328613 0.33143150806427002
vt 0.48484820127487183 0.19681662321090698
vt 0.99979138374328613 0.33143150806427002
vt 0.48484820127487183 0.19681662321090698
vn 1.4901158351676713E-07 -2.3841855067985307E-07 -1
vn 0.49999961256980896 0.86602562665939331 0
vn -0.86602562665939331 0.49999961256980896 -2.3841855067985307E-07
vn 1.4901158351676713E-07 -2.3841855067985307E-07 -1
vn -0.49999961256980896 -0.86602562665939331 0
vn 0.86602562665939331 -0.49999961256980896 2.3841855067985307E-07
vn 1.4901158351676713E-07 -2.3841855067985307E-07 -1
vn -0.49999961256980896 -0.86602562665939331 0
vn -0.86602562665939331 0.49999961256980896 -2.3841855067985307E-07
vn 1.4901158351676713E-07 -2.3841855067985307E-07 -1
vn 0.49999961256980896 0.86602562665939331 0
vn 0.49999961256980896 0.86602562665939331 0
vn 0.86602562665939331 -0.49999961256980896 2.3841855067985307E-07
vn 0.86602562665939331 -0.49999961256980896 2.3841855067985307E-07
vn -1.4901158351676713E-07 2.3841855067985307E-07 1
vn -0.49999961256980896 -0.86602562665939331 0
vn -0.86602562665939331 0.49999961256980896 -2.3841855067985307E-07
vn -1.4901158351676713E-07 2.3841855067985307E-07 1
vn 0.49999961256980896 0.86602562665939331 0
vn 0.86602562665939331 -0.49999961256980896 2.3841855067985307E-07
vn -1.4901158351676713E-07 2.3841855067985307E-07 1
vn 0.49999961256980896 0.86602562665939331 0
vn 0.49999961256980896 0.86602562665939331 0
vn -0.86602562665939331 0.49999961256980896 -2.3841855067985307E-07
vn -1.4901158351676713E-07 2.3841855067985307E-07 1
vn -0.49999961256980896 -0.86602562665939331 0
vn 0.86602562665939331 -0.49999961256980896 2.3841855067985307E-07
vn 0.86602562665939331 -0.49999961256980896 2.3841855067985307E-07
f 29/29/29 35/35/35 32/32/32
f 29/29/29 32/32/32 38/38/38
f 43/43/43 49/49/49 46/46/46
f 43/43/43 46/46/46 53/53/53
f 51/51/51 30/30/30 39/39/39
f 50/50/50 40/40/40 47/47/47
f 36/36/36 44/44/44 54/54/54
f 36/36/36 54/54/54 33/33/33
f 37/37/37 31/31/31 52/52/52
f 37/37/37 52/52/52 45/45/45
f 55/55/55 48/48/48 42/42/42
f 56/56/56 41/41/41 34/34/34
usemtl diffuse_0
v -0.29344648000000001 0.19918472000000001 -0.085979864000000003
v -0.29344648000000001 0.19918472000000001 -0.085979864000000003
v -0.29344648000000001 0.19918472000000001 -0.085979864000000003
v -0.29872385000000001 0.27084142 -0.085979886000000005
v -0.29872385000000001 0.27084142 -0.085979886000000005
v -0.29872385000000001 0.27084142 -0.085979886000000005
v -0.3117142 0.26736066000000003 -0.085979878999999995
v -0.3117142 0.26736066000000003 -0.085979878999999995
v -0.3117142 0.26736066000000003 -0.085979878999999995
v -0.28045616000000001 0.20266548000000001 -0.085979870999999999
v -0.28045616000000001 0.20266548000000001 -0.085979870999999999
v -0.28045616000000001 0.20266548000000001 -0.085979870999999999
v -0.28045616000000001 0.20266548000000001 -0.085979870999999999
v -0.28045616000000001 0.20266548000000001 -0.085979870999999999
v -0.3117142 0.26736066000000003 -0.099407323000000006
v -0.3117142 0.26736066000000003 -0.099407323000000006
v -0.3117142 0.26736066000000003 -0.099407323000000006
v -0.28045616000000001 0.20266548000000001 -0.099407314999999996
v -0.28045616000000001 0.20266548000000001 -0.099407314999999996
v -0.28045616000000001 0.20266548000000001 -0.099407314999999996
v -0.29344650999999999 0.19918472000000001 -0.099407308
v -0.29344650999999999 0.19918472000000001 -0.099407308
v -0.29344650999999999 0.19918472000000001 -0.099407308
v -0.29344650999999999 0.19918472000000001 -0.099407308
v -0.29872388 0.27084142 -0.099407330000000002
v -0.29872388 0.27084142 -0.099407330000000002
v -0.29872388 0.27084142 -0.099407330000000002
v -0.29872388 0.27084142 -0.099407330000000002
vt 0.34992688894271851 0.88561046123504639
vt 0.34992688894271851 0.88561046123504639
vt 0.34992688894271851 0.88561046123504639
vt 0.49282541871070862 0.64175063371658325
vt 0.49282541871070862 0.64175063371658325
vt 0.49282541871070862 0.64175063371658325
vt 0.27441450953483582 0.64901208877563477
vt 0.27441450953483582 0.64901208877563477
vt 0.27441450953483582 0.64901208877563477
vt 0.73545265197753906 0.99984842538833618
vt 0.73545265197753906 0.99984842538833618
vt 0.56911468505859375 0.19667208194732666
vt 0.73545265197753906 0.99984842538833618
vt 0.56911468505859375 0.19667208194732666
vt 0.99463468790054321 0.70278841257095337
vt 0.085799127817153931 0.51223045587539673
vt 0.085799127817153931 0.51223045587539673
vt 0.75935053825378418 0.42275047302246094
vt 0.75935053825378418 0.42275047302246094
vt 0.75935053825378418 0.42275047302246094
vt 0.62819588184356689 0.64434844255447388
vt 0.62819588184356689 0.64434844255447388
vt 0.00020188093185424805 0.97680258750915527
vt 0.00020188093185424805 0.97680258750915527
vt 0.99979138374328613 0.33143150806427002
vt 0.48484820127487183 0.19681662321090698
vt 0.99979138374328613 0.33143150806427002
vt 0.48484820127487183 0.19681662321090698
vn 3.2782554626464844E-07 3.5762784023063432E-07 1
vn 0.25881922245025635 -0.96592575311660767 2.0861625671386719E-07
vn -0.96592575311660767 -0.25881928205490112 4.7683712978141557E-07
vn 3.2782554626464844E-07 3.5762784023063432E-07 1
vn -0.25881922245025635 0.96592575311660767 -2.0861625671386719E-07
vn 0.96592575311660767 0.25881928205490112 -4.7683712978141557E-07
vn 3.2782554626464844E-07 3.5762784023063432E-07 1
vn -0.25881922245025635 0.96592575311660767 -2.0861625671386719E-07
vn -0.96592575311660767 -0.25881928205490112 4.7683712978141557E-07
vn 3.2782554626464844E-07 3.5762784023063432E-07 1
vn 0.25881922245025635 -0.96592575311660767 2.0861625671386719E-07
vn 0.25881922245025635 -0.96592575311660767 2.0861625671386719E-07
vn 0.96592575311660767 0.25881928205490112 -4.7683712978141557E-07
vn 0.96592575311660767 0.25881928205490112 -4.7683712978141557E-07
vn -3.2782554626464844E-07 -3.5762784023063432E-07 -1
vn -0.25881922245025635 0.96592575311660767 -2.0861625671386719E-07
vn -0.96592575311660767 -0.25881928205490112 4.7683712978141557E-07
vn -3.2782554626464844E-07 -3.5762784023063432E-07 -1
vn 0.25881922245025635 -0.96592575311660767 2.0861625671386719E-07
vn 0.96592575311660767 0.25881928205490112 -4.7683712978141557E-07
vn -3.2782554626464844E-07 -3.5762784023063432E-07 -1
vn 0.25881922245025635 -0.96592575311660767 2.0861625671386719E-07
vn 0.25881922245025635 -0.96592575311660767 2.0861625671386719E-07
vn -0.96592575311660767 -0.25881928205490112 4.7683712978141557E-07
vn -3.2782554626464844E-07 -3.5762784023063432E-07 -1
vn -0.25881922245025635 0.96592575311660767 -2.0861625671386719E-07
vn 0.96592575311660767 0.25881928205490112 -4.7683712978141557E-07
vn 0.96592575311660767 0.25881928205490112 -4.7683712978141557E-07
f 57/57/57 60/60/60 63/63/63
f 57/57/57 66/66/66 60/60/60
f 71/71/71 74/74/74 77/77/77
f 71/71/71 81/81/81 74/74/74
f 79/79/79 67/67/67 58/58/58
f 78/78/78 75/75/75 68/68/68
f 64/64/64 82/82/82 72/72/72
f 64/64/64 61/61/61 82/82/82
f 65/65/65 80/80/80 59/59/59
f 65/65/65 73/73/73 80/80/80
f 83/83/83 70/70/70 76/76/76
f 84/84/84 62/62/62 69/69/69
usemtl diffuse_0
v -0.25835281999999998 0.13901816 -0.085979878999999995
v -0.25835281999999998 0.13901816 -0.085979878999999995
v -0.25835281999999998 0.13901816 -0.085979878999999995
v -0.28199648999999999 0.20686741 -0.085979878999999995
v -0.28199648999999999 0.20686741 -0.085979878999999995
v -0.28199648999999999 0.20686741 -0.085979878999999995
v -0.2936433 0.20014311000000001 -0.085979878999999995
v -0.2936433 0.20014311000000001 -0.085979878999999995
v -0.2936433 0.20014311000000001 -0.085979878999999995
v -0.24670601 0.14574245999999999 -0.085979878999999995
v -0.24670601 0.14574245999999999 -0.085979878999999995
v -0.24670601 0.14574245999999999 -0.085979878999999995
v -0.24670601 0.14574245999999999 -0.085979878999999995
v -0.24670601 0.14574245999999999 -0.085979878999999995
v -0.2936433 0.20014311000000001 -0.099407314999999996
v -0.2936433 0.20014311000000001 -0.099407314999999996
v -0.2936433 0.20014311000000001 -0.099407314999999996
v -0.24670601 0.14574245999999999 -0.099407314999999996
v -0.24670601 0.14574245999999999 -0.099407314999999996
v -0.24670601 0.14574245999999999 -0.099407314999999996
v -0.25835281999999998 0.13901816 -0.099407314999999996
v -0.25835281999999998 0.13901816 -0.099407314999999996
v -0.25835281999999998 0.13901816 -0.099407314999999996
v -0.25835281999999998 0.13901816 -0.099407314999999996
v -0.28199648999999999 0.20686741 -0.099407314999999996
v -0.28199648999999999 0.20686741 -0.099407314999999996
v -0.28199648999999999 0.20686741 -0.099407314999999996
v -0.28199648999999999 0.20686741 -0.099407314999999996
vt 0.34992688894271851 0.88561046123504639
vt 0.34992688894271851 0.88561046123504639
vt 0.34992688894271851 0.88561046123504639
vt 0.49282541871070862 0.64175063371658325
vt 0.49282541871070862 0.64175063371658325
vt 0.49282541871070862 0.64175063371658325
vt 0.27441450953483582 0.64901208877563477
vt 0.27441450953483582 0.64901208877563477
vt 0.27441450953483582 0.64901208877563477
vt 0.73545265197753906 0.99984842538833618
vt 0.73545265197753906 0.99984842538833618
vt 0.56911468505859375 0.19667208194732666
vt 0.73545265197753906 0.99984842538833618
vt 0.56911468505859375 0.19667208194732666
vt 0.99463468790054321 0.70278841257095337
vt 0.085799127817153931 0.51223045587539673
vt 0.085799127817153931 0.51223045587539673
vt 0.75935053825378418 0.42275047302246094
vt 0.75935053825378418 0.42275047302246094
vt 0.75935053825378418 0.42275047302246094
vt 0.62819588184356689 0.64434844255447388
vt 0.62819588184356689 0.64434844255447388
vt 0.00020188093185424805 0.97680258750915527
vt 0.00020188093185424805 0.97680258750915527
vt 0.99979138374328613 0.33143150806427002
vt 0.48484820127487183 0.19681662321090698
vt 0.99979138374328613 0.33143150806427002
vt 0.48484820127487183 0.19681662321090698
vn 1.4901158351676713E-07 2.3841855067985307E-07 1
vn 0.49999961256980896 -0.86602562665939331 0
vn -0.86602562665939331 -0.49999961256980896 2.3841855067985307E-07
vn 1.4901158351676713E-07 2.3841855067985307E-07 1
vn -0.49999961256980896 0.86602562665939331 0
vn 0.86602562665939331 0.49999961256980896 -2.3841855067985307E-07
vn 1.4901158351676713E-07 2.3841855067985307E-07 1
vn -0.49999961256980896 0.86602562665939331 0
vn -0.86602562665939331 -0.49999961256980896 2.3841855067985307E-07
vn 1.4901158351676713E-07 2.3841855067985307E-07 1
vn 0.49999961256980896 -0.86602562665939331 0
vn 0.49999961256980896 -0.86602562665939331 0
vn 0.86602562665939331 0.49999961256980896 -2.3841855067985307E-07
vn 0.86602562665939331 0.49999961256980896 -2.3841855067985307E-07
vn -1.4901158351676713E-07 -2.3841855067985307E-07 -1
vn -0.49999961256980896 0.86602562665939331 0
vn -0.86602562665939331 -0.49999961256980896 2.3841855067985307E-07
vn -1.4901158351676713E-07 -2.3841855067985307E-07 -1
vn 0.49999961256980896 -0.86602562665939331 0
vn 0.86602562665939331 0.49999961256980896 -2.3841855067985307E-07
vn -1.4901158351676713E-07 -2.3841855067985307E-07 -1
vn 0.49999961256980896 -0.86602562665939331 0
vn 0.49999961256980896 -0.86602562665939331 0
vn -0.86602562665939331 -0.49999961256980896 2.3841855067985307E-07
vn -1.4901158351676713E-07 -2.3841855067985307E-07 -1
vn -0.49999961256980896 0.86602562665939331 0
vn 0.86602562665939331 0.49999961256980896 -2.3841855067985307E-07
vn 0.86602562665939331 0.49999961256980896 -2.3841855067985307E-07
f 85/85/85 88/88/88 91/91/91
f 85/85/85 94/94/94 88/88/88
f 99/99/99 102/102/102 105/105/105
f 99/99/99 109/109/109 102/102/102
f 107/107/107 95/95/95 86/86/86
f 106/106/106 103/103/103 96/96/96
f 92/92/92 110/110/110 100/100/100
f 92/92/92 89/89/89 110/110/110
f 93/93/93 108/108/108 87/87/87
f 93/93/93 101/101/101 108/108/108
f 111/111/111 98/98/98 104/104/104
f 112/112/112 90/90/90 97/97/97
usemtl diffuse_0
v -0.0097535829999999997 0.56677025999999997 -0.085979878999999995
v -0.0097535829999999997 0.56677025999999997 -0.085979878999999995
v -0.0097535829999999997 0.56677025999999997 -0.085979878999999995
v 0.054941631999999997 0.53551227000000001 -0.085979878999999995
v 0.054941631999999997 0.53551227000000001 -0.085979878999999995
v 0.054941631999999997 0.53551227000000001 -0.085979878999999995
v 0.058422379000000003 0.54850255999999997 -0.085979878999999995
v 0.058422379000000003 0.54850255999999997 -0.085979878999999995
v 0.058422379000000003 0.54850255999999997 -0.085979878999999995
v -0.013234330000000001 0.55377995999999996 -0.085979878999999995
v -0.013234330000000001 0.55377995999999996 -0.085979878999999995
v -0.013234330000000001 0.55377995999999996 -0.085979878999999995
v -0.013234330000000001 0.55377995999999996 -0.085979878999999995
v -0.013234330000000001 0.55377995999999996 -0.085979878999999995
v 0.058422379000000003 0.54850255999999997 -0.099407314999999996
v 0.058422379000000003 0.54850255999999997 -0.099407314999999996
v 0.058422379000000003 0.54850255999999997 -0.099407314999999996
v -0.013234330000000001 0.55377995999999996 -0.099407314999999996
v -0.013234330000000001 0.55377995999999996 -0.099407314999999996
v -0.013234330000000001 0.55377995999999996 -0.099407314999999996
v -0.0097535829999999997 0.56677025999999997 -0.099407314999999996
v -0.0097535829999999997 0.56677025999999997 -0.099407314999999996
v -0.0097535829999999997 0.56677025999999997 -0.099407314999999996
v -0.0097535829999999997 0.56677025999999997 -0.099407314999999996
v 0.054941631999999997 0.53551227000000001 -0.099407314999999996
v 0.054941631999999997 0.53551227000000001 -0.099407314999999996
v 0.054941631999999997 0.53551227000000001 -0.099407314999999996
v 0.054941631999999997 0.53551227000000001 -0.099407314999999996
vt 0.34992688894271851 0.88561046123504639
vt 0.34992688894271851 0.88561046123504639
vt 0.34992688894271851 0.88561046123504639
vt 0.49282541871070862 0.64175063371658325
vt 0.49282541871070862 0.64175063371658325
vt 0.49282541871070862 0.64175063371658325
vt 0.27441450953483582 0.64901208877563477
vt 0.27441450953483582 0.64901208877563477
vt 0.27441450953483582 0.64901208877563477
vt 0.73545265197753906 0.99984842538833618
vt 0.73545265197753906 0.99984842538833618
vt 0.56911468505859375 0.19667208194732666
vt 0.73545265197753906 0.99984842538833618
vt 0.56911468505859375 0.19667208194732666
vt 0.99463468790054321 0.70278841257095337
vt 0.085799127817153931 0.51223045587539673
vt 0.085799127817153931 0.51223045587539673
vt 0.75935053825378418 0.42275047302246094
vt 0.75935053825378418 0.42275047302246094
vt 0.75935053825378418 0.42275047302246094
vt 0.62819588184356689 0.64434844255447388
vt 0.62819588184356689 0.64434844255447388
vt 0.00020188093185424805 0.97680258750915527
vt 0.00020188093185424805 0.97680258750915527
vt 0.99979138374328613 0.33143150806427002
vt 0.48484820127487183 0.19681662321090698
vt 0.99979138374328613 0.33143150806427002
vt 0.48484820127487183 0.19681662321090698
vn 1.4901159417490817E-08 0 1
vn -0.96592581272125244 0.25881907343864441 4.470348002882929E-08
vn 0.25881907343864441 0.96592581272125244 1.1920927533992653E-07
vn 1.4901159417490817E-08 0 1
vn 0.96592581272125244 -0.25881907343864441 -4.470348002882929E-08
vn -0.25881907343864441 -0.96592581272125244 -1.1920927533992653E-07
vn 1.4901159417490817E-08 0 1
vn 0.96592581272125244 -0.25881907343864441 -4.470348002882929E-08
vn 0.25881907343864441 0.96592581272125244 1.1920927533992653E-07
vn 1.4901159417490817E-08 0 1
vn -0.96592581272125244 0.25881907343864441 4.470348002882929E-08
vn -0.96592581272125244 0.25881907343864441 4.470348002882929E-08
vn -0.25881907343864441 -0.96592581272125244 -1.1920927533992653E-07
vn -0.25881907343864441 -0.96592581272125244 -1.1920927533992653E-07
vn -1.4901159417490817E-08 0 -1
vn 0.96592581272125244 -0.25881907343864441 -4.470348002882929E-08
vn 0.25881907343864441 0.96592581272125244 1.1920927533992653E-07
vn -1.4901159417490817E-08 0 -1
vn -0.96592581272125244 0.25881907343864441 4.470348002882929E-08
vn -0.25881907343864441 -0.96592581272125244 -1.1920927533992653E-07
vn -1.4901159417490817E-08 0 -1
vn -0.96592581272125244 0.25881907343864441 4.470348002882929E-08
vn -0.96592581272125244 0.25881907343864441 4.470348002882929E-08
vn 0.25881907343864441 0.96592581272125244 1.1920927533992653E-07
vn -1.4901159417490817E-08 0 -1
vn 0.96592581272125244 -0.25881907343864441 -4.470348002882929E-08
vn -0.25881907343864441 -0.96592581272125244 -1.1920927533992653E-07
vn -0.25881907343864441 -0.96592581272125244 -1.1920927533992653E-07
f 113/113/113 116/116/116 119/119/119
f 113/113/113 122/122/122 116/116/116
f 127/127/127 130/130/130 133/133/133
f 127/127/127 137/137/137 130/130/130
f 135/135/135 123/123/123 114/114/114
f 134/134/134 131/131/131 124/124/124
f 120/120/120 138/138/138 128/128/128
f 120/120/120 117/117/117 138/138/138
f 121/121/121 136/136/136 115/115/115
f 121/121/121 129/129/129 136/136/136
f 139/139/139 126/126/126 132/132/132
f 140/140/140 118/118/118 125/125/125
usemtl diffuse_0
v -0.080206870999999999 0.56644517000000005 -0.085979894000000001
v -0.080206870999999999 0.56644517000000005 -0.085979894000000001
v -0.080206870999999999 0.56644517000000005 -0.085979894000000001
v -0.0096260010999999999 0.55299657999999996 -0.085979894000000001
v -0.0096260010999999999 0.55299657999999996 -0.085979894000000001
v -0.0096260010999999999 0.55299657999999996 -0.085979894000000001
v -0.0096260010999999999 0.56644517000000005 -0.085979894000000001
v -0.0096260010999999999 0.56644517000000005 -0.085979894000000001
v -0.0096260010999999999 0.56644517000000005 -0.085979894000000001
v -0.080206870999999999 0.55299657999999996 -0.085979894000000001
v -0.080206870999999999 0.55299657999999996 -0.085979894000000001
v -0.080206870999999999 0.55299657999999996 -0.085979894000000001
v -0.080206870999999999 0.55299657999999996 -0.085979894000000001
v -0.080206870999999999 0.55299657999999996 -0.085979894000000001
v -0.0096260010999999999 0.56644517000000005 -0.099407300000000004
v -0.0096260010999999999 0.56644517000000005 -0.099407300000000004
v -0.0096260010999999999 0.56644517000000005 -0.099407300000000004
v -0.080206870999999999 0.55299657999999996 -0.099407300000000004
v -0.080206870999999999 0.55299657999999996 -0.099407300000000004
v -0.080206870999999999 0.55299657999999996 -0.099407300000000004
v -0.080206870999999999 0.56644517000000005 -0.099407300000000004
v -0.080206870999999999 0.56644517000000005 -0.099407300000000004
v -0.080206870999999999 0.56644517000000005 -0.099407300000000004
v -0.080206870999999999 0.56644517000000005 -0.099407300000000004
v -0.0096260010999999999 0.55299657999999996 -0.099407300000000004
v -0.0096260010999999999 0.55299657999999996 -0.099407300000000004
v -0.0096260010999999999 0.55299657999999996 -0.099407300000000004
v -0.0096260010999999999 0.55299657999999996 -0.099407300000000004
vt 0.34992688894271851 0.88561046123504639
vt 0.34992688894271851 0.88561046123504639
vt 0.34992688894271851 0.88561046123504639
vt 0.49282541871070862 0.64175063371658325
vt 0.49282541871070862 0.64175063371658325
vt 0.49282541871070862 0.64175063371658325
vt 0.27441450953483582 0.64901208877563477
vt 0.27441450953483582 0.64901208877563477
vt 0.27441450953483582 0.64901208877563477
vt 0.73545265197753906 0.99984842538833618
vt 0.73545265197753906 0.99984842538833618
vt 0.56911468505859375 0.19667208194732666
vt 0.73545265197753906 0.99984842538833618
vt 0.56911468505859375 0.19667208194732666
vt 0.99463468790054321 0.70278841257095337
vt 0.085799127817153931 0.51223045587539673
vt 0.085799127817153931 0.51223045587539673
vt 0.75935053825378418 0.42275047302246094
vt 0.75935053825378418 0.42275047302246094
vt 0.75935053825378418 0.42275047302246094
vt 0.62819588184356689 0.64434844255447388
vt 0.62819588184356689 0.64434844255447388
vt 0.00020188093185424805 0.97680258750915527
vt 0.00020188093185424805 0.97680258750915527
vt 0.99979138374328613 0.33143150806427002
vt 0.48484820127487183 0.19681662321090698
vt 0.99979138374328613 0.33143150806427002
vt 0.48484820127487183 0.19681662321090698
vn 0 -3.5762792549576261E-07 1
vn -1 0 0
vn 0 1 1.1920930376163597E-07
vn 0 -3.5762792549576261E-07 1
vn 1 0 0
vn 0 -1 -1.1920930376163597E-07
vn 0 -3.5762792549576261E-07 1
vn 1 0 0
vn 0 1 1.1920930376163597E-07
vn 0 -3.5762792549576261E-07 1
vn -1 0 0
vn -1 0 0
vn 0 -1 -1.1920930376163597E-07
vn 0 -1 -1.1920930376163597E-07
vn 0 3.5762792549576261E-07 -1
vn 1 0 0
vn 0 1 1.1920930376163597E-07
vn 0 3.5762792549576261E-07 -1
vn -1 0 0
vn 0 -1 -1.1920930376163597E-07
vn 0 3.5762792549576261E-07 -1
vn -1 0 0
vn -1 0 0
vn 0 1 1.1920930376163597E-07
vn 0 3.5762792549576261E-07 -1
vn 1 0 0
vn 0 -1 -1.1920930376163597E-07
vn 0 -1 -1.1920930376163597E-07
f 141/141/141 144/144/144 147/147/147
f 141/141/141 150/150/150 144/144/144
f 155/155/155 158/158/158 161/161/161
f 155/155/155 165/165/165 158/158/158
f 163/163/163 151/151/151 142/142/142
f 162/162/162 159/159/159 152/152/152
f 148/148/148 166/166/166 156/156/156
f 148/148/148 145/145/145 166/166/166
f 149/149/149 164/164/164 143/143/143
f 149/149/149 157/157/157 164/164/164
f 167/167/167 154/154/154 160/160/160
f 168/168/168 146/146/146 153/153/153
usemtl diffuse_0
v 0.20297472 0.40479636000000002 -0.047978147999999998
v 0.20297472 0.40479636000000002 -0.047978147999999998
v 0.20297472 0.40479636000000002 -0.047978147999999998
v 0.20825205999999999 0.33313971999999997 -0.047978158999999999
v 0.20825205999999999 0.33313971999999997 -0.047978158999999999
v 0.20825205999999999 0.33313971999999997 -0.047978158999999999
v 0.22124237999999999 0.33662045000000002 -0.047978155000000001
v 0.22124237999999999 0.33662045000000002 -0.047978155000000001
v 0.22124237999999999 0.33662045000000002 -0.047978155000000001
v 0.18998438000000001 0.40131562999999998 -0.047978147999999998
v 0.18998438000000001 0.40131562999999998 -0.047978147999999998
v 0.18998438000000001 0.40131562999999998 -0.047978147999999998
v 0.18998438000000001 0.40131562999999998 -0.047978147999999998
v 0.18998438000000001 0.40131562999999998 -0.047978147999999998
v 0.22124240000000001 0.33662045000000002 -0.061405583999999999
v 0.22124240000000001 0.33662045000000002 -0.061405583999999999
v 0.22124240000000001 0.33662045000000002 -0.061405583999999999
v 0.1899844 0.40131562999999998 -0.061405577000000003
v 0.1899844 0.40131562999999998 -0.061405577000000003
v 0.1899844 0.40131562999999998 -0.061405577000000003
v 0.20297472 0.40479636000000002 -0.061405572999999998
v 0.20297472 0.40479636000000002 -0.061405572999999998
v 0.20297472 0.40479636000000002 -0.061405572999999998
v 0.20297472 0.40479636000000002 -0.061405572999999998
v 0.20825205999999999 0.33313971999999997 -0.061405583999999999
v 0.20825205999999999 0.33313971999999997 -0.061405583999999999
v 0.20825205999999999 0.33313971999999997 -0.061405583999999999
v 0.20825205999999999 0.33313971999999997 -0.061405583999999999
vt 0.34992688894271851 0.88561046123504639
vt 0.34992688894271851 0.88561046123504639
vt 0.34992688894271851 0.88561046123504639
vt 0.49282541871070862 0.64175063371658325
vt 0.49282541871070862 0.64175063371658325
vt 0.49282541871070862 0.64175063371658325
vt 0.27441450953483582 0.64901208877563477
vt 0.27441450953483582 0.64901208877563477
vt 0.27441450953483582 0.64901208877563477
vt 0.73545265197753906 0.99984842538833618
vt 0.73545265197753906 0.99984842538833618
vt 0.56911468505859375 0.19667208194732666
vt 0.73545265197753906 0.99984842538833618
vt 0.56911468505859375 0.19667208194732666
vt 0.99463468790054321 0.70278841257095337
vt 0.085799127817153931 0.51223045587539673
vt 0.085799127817153931 0.51223045587539673
vt 0.75935053825378418 0.42275047302246094
vt 0.75935053825378418 0.42275047302246094
vt 0.75935053825378418 0.42275047302246094
vt 0.62819588184356689 0.64434844255447388
vt 0.62819588184356689 0.64434844255447388
vt 0.00020188093185424805 0.97680258750915527
vt 0.00020188093185424805 0.97680258750915527
vt 0.99979138374328613 0.33143150806427002
vt 0.48484820127487183 0.19681662321090698
vt 0.99979138374328613 0.33143150806427002
vt 0.48484820127487183 0.19681662321090698
vn -1.4901161193847656E-07 -2.9802322387695313E-07 1
vn -0.25881889462471008 0.96592587232589722 1.4901164036018599E-07
vn 0.96592587232589722 0.25881895422935486 1.1920930376163597E-07
vn -1.4901161193847656E-07 -2.9802322387695313E-07 1
vn 0.25881889462471008 -0.96592587232589722 -1.4901164036018599E-07
vn -0.96592587232589722 -0.25881895422935486 -1.1920930376163597E-07
vn -1.4901161193847656E-07 -2.9802322387695313E-07 1
vn 0.25881889462471008 -0.96592587232589722 -1.4901164036018599E-07
vn 0.96592587232589722 0.25881895422935486 1.1920930376163597E-07
vn -1.4901161193847656E-07 -2.9802322387695313E-07 1
vn -0.25881889462471008 0.96592587232589722 1.4901164036018599E-07
vn -0.25881889462471008 0.96592587232589722 1.4901164036018599E-07
vn -0.96592587232589722 -0.25881895422935486 -1.1920930376163597E-07
vn -0.96592587232589722 -0.25881895422935486 -1.1920930376163597E-07
vn 1.4901161193847656E-07 2.9802322387695313E-07 -1
vn 0.25881889462471008 -0.96592587232589722 -1.4901164036018599E-07
vn 0.96592587232589722 0.25881895422935486 1.1920930376163597E-07
vn 1.4901161193847656E-07 2.9802322387695313E-07 -1
vn -0.25881889462471008 0.96592587232589722 1.4901164036018599E-07
vn -0.96592587232589722 -0.25881895422935486 -1.1920930376163597E-07
vn 1.4901161193847656E-07 2.9802322387695313E-07 -1
vn -0.25881889462471008 0.96592587232589722 1.4901164036018599E-07
vn -0.25881889462471008 0.96592587232589722 1.4901164036018599E-07
vn 0.96592587232589722 0.25881895422935486 1.1920930376163597E-07
vn 1.4901161193847656E-07 2.9802322387695313E-07 -1
vn 0.25881889462471008 -0.96592587232589722 -1.4901164036018599E-07
vn -0.96592587232589722 -0.25881895422935486 -1.1920930376163597E-07
vn -0.96592587232589722 -0.25881895422935486 -1.1920930376163597E-07
f 169/169/169 172/172/172 175/175/175
f 169/169/169 178/178/178 172/172/172
f 183/183/183 186/186/186 189/189/189
f 183/183/183 193/193/193 186/186/186
f 191/191/191 179/179/179 170/170/170
f 190/190/190 187/187/187 180/180/180
f 176/176/176 194/194/194 184/184/184
f 176/176/176 173/173/173 194/194/194
f 177/177/177 192/192/192 171/171/171
f 177/177/177 185/185/185 192/192/192
f 195/195/195 182/182/182 188/188/188
f 196/196/196 174/174/174 181/181/181
usemtl diffuse_0
v -0.25849562999999998 0.46447337 -0.047978147999999998
v -0.25849562999999998 0.46447337 -0.047978147999999998
v -0.25849562999999998 0.46447337 -0.047978147999999998
v -0.28213929999999998 0.39662415000000001 -0.047978152000000003
v -0.28213929999999998 0.39662415000000001 -0.047978152000000003
v -0.28213929999999998 0.39662415000000001 -0.047978152000000003
v -0.29378610999999999 0.40334845000000003 -0.047978152000000003
v -0.29378610999999999 0.40334845000000003 -0.047978152000000003
v -0.29378610999999999 0.40334845000000003 -0.047978152000000003
v -0.24684882 0.45774906999999998 -0.047978147999999998
v -0.24684882 0.45774906999999998 -0.047978147999999998
v -0.24684882 0.45774906999999998 -0.047978147999999998
v -0.24684882 0.45774906999999998 -0.047978147999999998
v -0.24684882 0.45774906999999998 -0.047978147999999998
v -0.29378610999999999 0.40334845000000003 -0.061405583999999999
v -0.29378610999999999 0.40334845000000003 -0.061405583999999999
v -0.29378610999999999 0.40334845000000003 -0.061405583999999999
v -0.24684882 0.45774906999999998 -0.061405580000000001
v -0.24684882 0.45774906999999998 -0.061405580000000001
v -0.24684882 0.45774906999999998 -0.061405580000000001
v -0.25849562999999998 0.46447337 -0.061405580000000001
v -0.25849562999999998 0.46447337 -0.061405580000000001
v -0.25849562999999998 0.46447337 -0.061405580000000001
v -0.25849562999999998 0.46447337 -0.061405580000000001
v -0.28213929999999998 0.39662415000000001 -0.061405583999999999
v -0.28213929999999998 0.39662415000000001 -0.061405583999999999
v -0.28213929999999998 0.39662415000000001 -0.061405583999999999
v -0.28213929999999998 0.39662415000000001 -0.061405583999999999
vt 0.34992688894271851 0.88561046123504639
vt 0.34992688894271851 0.88561046123504639
vt 0.34992688894271851 0.88561046123504639
vt 0.49282541871070862 0.64175063371658325
vt 0.49282541871070862 0.64175063371658325
vt 0.49282541871070862 0.64175063371658325
vt 0.27441450953483582 0.64901208877563477
vt 0.27441450953483582 0.64901208877563477
vt 0.27441450953483582 0.64901208877563477
vt 0.73545265197753906 0.99984842538833618
vt 0.73545265197753906 0.99984842538833618
vt 0.56911468505859375 0.19667208194732666
vt 0.73545265197753906 0.99984842538833618
vt 0.56911468505859375 0.19667208194732666
vt 0.99463468790054321 0.70278841257095337
vt 0.085799127817153931 0.51223045587539673
vt 0.085799127817153931 0.51223045587539673
vt 0.75935053825378418 0.42275047302246094
vt 0.75935053825378418 0.42275047302246094
vt 0.75935053825378418 0.42275047302246094
vt 0.62819588184356689 0.64434844255447388
vt 0.62819588184356689 0.64434844255447388
vt 0.00020188093185424805 0.97680258750915527
vt 0.00020188093185424805 0.97680258750915527
vt 0.99979138374328613 0.33143150806427002
vt 0.48484820127487183 0.19681662321090698
vt 0.99979138374328613 0.33143150806427002
vt 0.48484820127487183 0.19681662321090698
vn 5.9604644775390625E-08 0 -1
vn -0.4999997615814209 -0.86602556705474854 -5.9604644775390625E-08
vn 0.86602556705474854 -0.4999997615814209 0
vn 5.9604644775390625E-08 0 -1
vn 0.4999997615814209 0.86602556705474854 5.9604644775390625E-08
vn -0.86602556705474854 0.4999997615814209 0
vn 5.9604644775390625E-08 0 -1
vn 0.4999997615814209 0.86602556705474854 5.9604644775390625E-08
vn 0.86602556705474854 -0.4999997615814209 0
vn 5.9604644775390625E-08 0 -1
vn -0.4999997615814209 -0.86602556705474854 -5.9604644775390625E-08
vn -0.4999997615814209 -0.86602556705474854 -5.9604644775390625E-08
vn -0.86602556705474854 0.4999997615814209 0
vn -0.86602556705474854 0.4999997615814209 0
vn -5.9604644775390625E-08 0 1
vn 0.4999997615814209 0.86602556705474854 5.9604644775390625E-08
vn 0.86602556705474854 -0.4999997615814209 0
vn -5.9604644775390625E-08 0 1
vn -0.4999997615814209 -0.86602556705474854 -5.9604644775390625E-08
vn -0.86602556705474854 0.4999997615814209 0
vn -5.9604644775390625E-08 0 1
vn -0.4999997615814209 -0.86602556705474854 -5.9604644775390625E-08
vn -0.4999997615814209 -0.86602556705474854 -5.9604644775390625E-08
vn 0.86602556705474854 -0.4999997615814209 0
vn -5.9604644775390625E-08 0 1
vn 0.4999997615814209 0.86602556705474854 5.9604644775390625E-08
vn -0.86602556705474854 0.4999997615814209 0
vn -0.86602556705474854 0.4999997615814209 0
f 197/197/197 203/203/203 200/200/200
f 197/197/197 200/200/200 206/206/206
f 211/211/211 217/217/217 214/214/214
f 211/211/211 214/214/214 221/221/221
f 219/219/219 198/198/198 207/207/207
f 218/218/218 208/208/208 215/215/215
f 204/204/204 212/212/212 222/222/222
f 204/204/204 222/222/222 201/201/201
f 205/205/205 199/199/199 220/220/220
f 205/205/205 220/220/220 213/213/213
f 223/223/223 216/216/216 210/210/210
f 224/224/224 209/209/209 202/202/202
usemtl diffuse_0
v 0.16788104000000001 0.46496293 -0.047978152000000003
v 0.16788104000000001 0.46496293 -0.047978152000000003
v 0.16788104000000001 0.46496293 -0.047978152000000003
v 0.19152470999999999 0.39711371000000001 -0.047978152000000003
v 0.19152470999999999 0.39711371000000001 -0.047978152000000003
v 0.19152470999999999 0.39711371000000001 -0.047978152000000003
v 0.20317151999999999 0.40383797999999999 -0.047978152000000003
v 0.20317151999999999 0.40383797999999999 -0.047978152000000003
v 0.20317151999999999 0.40383797999999999 -0.047978152000000003
v 0.15623423 0.45823866000000002 -0.047978152000000003
v 0.15623423 0.45823866000000002 -0.047978152000000003
v 0.15623423 0.45823866000000002 -0.047978152000000003
v 0.15623423 0.45823866000000002 -0.047978152000000003
v 0.15623423 0.45823866000000002 -0.047978152000000003
v 0.20317151999999999 0.40383797999999999 -0.061405580000000001
v 0.20317151999999999 0.40383797999999999 -0.061405580000000001
v 0.20317151999999999 0.40383797999999999 -0.061405580000000001
v 0.15623423 0.45823866000000002 -0.061405580000000001
v 0.15623423 0.45823866000000002 -0.061405580000000001
v 0.15623423 0.45823866000000002 -0.061405580000000001
v 0.16788104000000001 0.46496293 -0.061405580000000001
v 0.16788104000000001 0.46496293 -0.061405580000000001
v 0.16788104000000001 0.46496293 -0.061405580000000001
v 0.16788104000000001 0.46496293 -0.061405580000000001
v 0.19152470999999999 0.39711371000000001 -0.061405580000000001
