# Rhino

mtllib acute.mtl
usemtl diffuse_0
v -0.2808001 0.25002772000000001 0.038431548000000003
v -0.2808001 0.25002772000000001 0.038431548000000003
v -0.2808001 0.25002772000000001 0.038431548000000003
v 0.19487645000000001 0.25002772000000001 0.070809788999999998
v 0.19487645000000001 0.25002772000000001 0.070809788999999998
v 0.19487645000000001 0.25002772000000001 0.070809788999999998
v -0.2808001 0.25002772000000001 0.070809759
v -0.2808001 0.25002772000000001 0.070809759
v -0.2808001 0.25002772000000001 0.070809759
v 0.19487645000000001 0.25002772000000001 0.038431577000000001
v 0.19487645000000001 0.25002772000000001 0.038431577000000001
v 0.19487645000000001 0.25002772000000001 0.038431577000000001
v -0.2808001 0.28240590999999998 0.070809759
v -0.2808001 0.28240590999999998 0.070809759
v -0.2808001 0.28240590999999998 0.070809759
v 0.19487645000000001 0.28240590999999998 0.038431577000000001
v 0.19487645000000001 0.28240590999999998 0.038431577000000001
v 0.19487645000000001 0.28240590999999998 0.038431577000000001
v -0.2808001 0.28240590999999998 0.038431548000000003
v -0.2808001 0.28240590999999998 0.038431548000000003
v -0.2808001 0.28240590999999998 0.038431548000000003
v 0.19487645000000001 0.28240590999999998 0.070809788999999998
v 0.19487645000000001 0.28240590999999998 0.070809788999999998
v 0.19487645000000001 0.28240590999999998 0.070809788999999998
vn 0 -1 0
vn 5.9604651880817983E-08 0 -1
vn -1 0 -5.9604651880817983E-08
vn 0 -1 0
vn -5.9604651880817983E-08 0 1
vn 1 0 5.9604651880817983E-08
vn 0 -1 0
vn -5.9604651880817983E-08 0 1
vn -1 0 -5.9604651880817983E-08
vn 0 -1 0
vn 5.9604651880817983E-08 0 -1
vn 1 0 5.9604651880817983E-08
vn 0 1 0
vn -5.9604651880817983E-08 0 1
vn -1 0 -5.9604651880817983E-08
vn 0 1 0
vn 5.9604651880817983E-08 0 -1
vn 1 0 5.9604651880817983E-08
vn 0 1 0
vn 5.9604651880817983E-08 0 -1
vn -1 0 -5.9604651880817983E-08
vn 0 1 0
vn -5.9604651880817983E-08 0 1
vn 1 0 5.9604651880817983E-08
f 1//1 4//4 7//7
f 1//1 10//10 4//4
f 13//13 16//16 19//19
f 13//13 22//22 16//16
f 20//20 11//11 2//2
f 20//20 17//17 11//11
f 8//8 23//23 14//14
f 8//8 5//5 23//23
f 9//9 21//21 3//3
f 9//9 15//15 21//21
f 24//24 12//12 18//18
f 24//24 6//6 12//12
usemtl diffuse_0
v -0.14012472000000001 0.25002772000000001 -0.37865636000000003
v -0.14012472000000001 0.25002772000000001 -0.37865636000000003
v -0.14012472000000001 0.25002772000000001 -0.37865636000000003
v 0.025346174999999999 0.25002769000000002 -0.34627809999999998
v 0.025346174999999999 0.25002769000000002 -0.34627809999999998
v 0.025346174999999999 0.25002769000000002 -0.34627809999999998
v -0.14012474 0.25002769000000002 -0.34627816
v -0.14012474 0.25002769000000002 -0.34627816
v -0.14012474 0.25002769000000002 -0.34627816
v 0.025346190000000001 0.25002772000000001 -0.3786563
v 0.025346190000000001 0.25002772000000001 -0.3786563
v 0.025346190000000001 0.25002772000000001 -0.3786563
v -0.14012474 0.28240590999999998 -0.34627816
v -0.14012474 0.28240590999999998 -0.34627816
v -0.14012474 0.28240590999999998 -0.34627816
v 0.025346190000000001 0.28240594000000002 -0.3786563
v 0.025346190000000001 0.28240594000000002 -0.3786563
v 0.025346190000000001 0.28240594000000002 -0.3786563
v -0.14012472000000001 0.28240594000000002 -0.37865636000000003
v -0.14012472000000001 0.28240594000000002 -0.37865636000000003
v -0.14012472000000001 0.28240594000000002 -0.37865636000000003
v 0.025346174999999999 0.28240590999999998 -0.34627809999999998
v 0.025346174999999999 0.28240590999999998 -0.34627809999999998
v 0.025346174999999999 0.28240590999999998 -0.34627809999999998
vt 0.0020139291882514954 0.1039043664932251
vt 0.35202485322952271 0.00014793872833251953
vt 0.0020139291882514954 0.1039043664932251
vt 0.079500004649162292 0.97908806800842285
vt 0.079500004649162292 0.97908806800842285
vt 0.26659959554672241 0.99985206127166748
vt 0.072338707745075226 0.13226455450057983
vt 0.072338707745075226 0.13226455450057983
vt 0.072338707745075226 0.13226455450057983
vt 9.9919736385345459E-05 0.98524510860443115
vt 0.3655514121055603 0.945931077003479
vt 0.3655514121055603 0.945931077003479
vt 0.17234587669372559 0.0086387395858764648
vt 0.17102923989295959 0.093860149383544922
vt 0.17102923989295959 0.093860149383544922
vt 0.27388590574264526 0.86037516593933105
vt 0.27388590574264526 0.86037516593933105
vt 0.27388590574264526 0.86037516593933105
vt 0.27960538864135742 0.008059382438659668
vt 0.27960538864135742 0.008059382438659668
vt 0.06557387113571167 0.054852604866027832
vt 0.18888366222381592 0.91821271181106567
vt 0.17887318134307861 0.97785639762878418
vt 0.18888366222381592 0.91821271181106567
vn 0 -1 -4.7683693082944956E-07
vn 3.5762789707405318E-07 4.7683698767286842E-07 -1
vn -1 0 -3.5762792549576261E-07
vn 0 -1 -4.7683693082944956E-07
vn -3.5762789707405318E-07 -4.7683698767286842E-07 1
vn 1 0 3.5762792549576261E-07
vn 0 -1 -4.7683693082944956E-07
vn -3.5762789707405318E-07 -4.7683698767286842E-07 1
vn -1 0 -3.5762792549576261E-07
vn 0 -1 -4.7683693082944956E-07
vn 3.5762789707405318E-07 4.7683698767286842E-07 -1
vn 1 0 3.5762792549576261E-07
vn 0 1 4.7683693082944956E-07
vn -3.5762789707405318E-07 -4.7683698767286842E-07 1
vn -1 0 -3.5762792549576261E-07
vn 0 1 4.7683693082944956E-07
vn 3.5762789707405318E-07 4.7683698767286842E-07 -1
vn 1 0 3.5762792549576261E-07
vn 0 1 4.7683693082944956E-07
vn 3.5762789707405318E-07 4.7683698767286842E-07 -1
vn -1 0 -3.5762792549576261E-07
vn 0 1 4.7683693082944956E-07
vn -3.5762789707405318E-07 -4.7683698767286842E-07 1
vn 1 0 3.5762792549576261E-07
f 25/1/25 28/4/28 31/7/31
f 25/1/25 34/10/34 28/4/28
f 37/13/37 40/16/40 43/19/43
f 37/13/37 46/22/46 40/16/40
f 44/20/44 35/11/35 26/2/26
f 44/20/44 41/17/41 35/11/35
f 32/8/32 47/23/47 38/14/38
f 32/8/32 29/5/29 47/23/47
f 33/9/33 45/21/45 27/3/27
f 33/9/33 39/15/39 45/21/45
f 48/24/48 36/12/36 42/18/42
f 48/24/48 30/6/30 36/12/36
usemtl diffuse_0
v -0.13090046 0.25002772000000001 -0.35536137000000001
v -0.13090046 0.25002772000000001 -0.35536137000000001
v -0.13090046 0.25002772000000001 -0.35536137000000001
v -0.16327868000000001 0.25002772000000001 -0.18989041000000001
v -0.16327868000000001 0.25002772000000001 -0.18989041000000001
v -0.16327868000000001 0.25002772000000001 -0.18989041000000001
v -0.16327866999999999 0.25002772000000001 -0.35536137000000001
v -0.16327866999999999 0.25002772000000001 -0.35536137000000001
v -0.16327866999999999 0.25002772000000001 -0.35536137000000001
v -0.13090046999999999 0.25002772000000001 -0.18989041000000001
v -0.13090046999999999 0.25002772000000001 -0.18989041000000001
v -0.13090046999999999 0.25002772000000001 -0.18989041000000001
v -0.16327866999999999 0.28240590999999998 -0.35536137000000001
v -0.16327866999999999 0.28240590999999998 -0.35536137000000001
v -0.16327866999999999 0.28240590999999998 -0.35536137000000001
v -0.13090046999999999 0.28240590999999998 -0.18989041000000001
v -0.13090046999999999 0.28240590999999998 -0.18989041000000001
v -0.13090046999999999 0.28240590999999998 -0.18989041000000001
v -0.13090046 0.28240590999999998 -0.35536137000000001
v -0.13090046 0.28240590999999998 -0.35536137000000001
v -0.13090046 0.28240590999999998 -0.35536137000000001
v -0.16327868000000001 0.28240590999999998 -0.18989041000000001
v -0.16327868000000001 0.28240590999999998 -0.18989041000000001
v -0.16327868000000001 0.28240590999999998 -0.18989041000000001
vt 0.0020139291882514954 0.1039043664932251
vt 0.35202485322952271 0.00014793872833251953
vt 0.0020139291882514954 0.1039043664932251
vt 0.079500004649162292 0.97908806800842285
vt 0.079500004649162292 0.97908806800842285
vt 0.26659959554672241 0.99985206127166748
vt 0.072338707745075226 0.13226455450057983
vt 0.072338707745075226 0.13226455450057983
vt 0.072338707745075226 0.13226455450057983
vt 9.9919736385345459E-05 0.98524510860443115
vt 0.3655514121055603 0.945931077003479
vt 0.3655514121055603 0.945931077003479
vt 0.17234587669372559 0.0086387395858764648
vt 0.17102923989295959 0.093860149383544922
vt 0.17102923989295959 0.093860149383544922
vt 0.27388590574264526 0.86037516593933105
vt 0.27388590574264526 0.86037516593933105
vt 0.27388590574264526 0.86037516593933105
vt 0.27960538864135742 0.008059382438659668
vt 0.27960538864135742 0.008059382438659668
vt 0.06557387113571167 0.054852604866027832
vt 0.18888366222381592 0.91821271181106567
vt 0.17887318134307861 0.97785639762878418
vt 0.18888366222381592 0.91821271181106567
vn 0 -1 0
vn 1 0 5.9604637669963267E-08
vn 5.9604637669963267E-08 0 -1
vn 0 -1 0
vn -1 0 -5.9604637669963267E-08
vn -5.9604637669963267E-08 0 1
vn 0 -1 0
vn -1 0 -5.9604637669963267E-08
vn 5.9604637669963267E-08 0 -1
vn 0 -1 0
vn 1 0 5.9604637669963267E-08
vn -5.9604637669963267E-08 0 1
vn 0 1 0
vn -1 0 -5.9604637669963267E-08
vn 5.9604637669963267E-08 0 -1
vn 0 1 0
vn 1 0 5.9604637669963267E-08
vn -5.9604637669963267E-08 0 1
vn 0 1 0
vn 1 0 5.9604637669963267E-08
vn 5.9604637669963267E-08 0 -1
vn 0 1 0
vn -1 0 -5.9604637669963267E-08
vn -5.9604637669963267E-08 0 1
f 49/25/49 52/28/52 55/31/55
f 49/25/49 58/34/58 52/28/52
f 61/37/61 64/40/64 67/43/67
f 61/37/61 70/46/70 64/40/64
f 68/44/68 59/35/59 50/26/50
f 68/44/68 65/41/65 59/35/59
f 56/32/56 71/47/71 62/38/62
f 56/32/56 53/29/53 71/47/71
f 57/33/57 69/45/69 51/27/51
f 57/33/57 63/39/63 69/45/69
f 72/48/72 60/36/60 66/42/66
f 72/48/72 54/30/54 60/36/60
usemtl diffuse_0
v 0.1723479 0.25002772000000001 -0.018985777999999998
v 0.1723479 0.25002772000000001 -0.018985777999999998
v 0.1723479 0.25002772000000001 -0.018985777999999998
v -0.1411114 0.25002772000000001 -0.37823483000000002
v -0.1411114 0.25002772000000001 -0.37823483000000002
v -0.1411114 0.25002772000000001 -0.37823483000000002
v 0.19524275999999999 0.25002772000000001 -0.041880636999999998
v 0.19524275999999999 0.25002772000000001 -0.041880636999999998
v 0.19524275999999999 0.25002772000000001 -0.041880636999999998
v -0.16400625999999999 0.25002772000000001 -0.35533997
v -0.16400625999999999 0.25002772000000001 -0.35533997
v -0.16400625999999999 0.25002772000000001 -0.35533997
v 0.19524275999999999 0.28240590999999998 -0.041880636999999998
v 0.19524275999999999 0.28240590999999998 -0.041880636999999998
v 0.19524275999999999 0.28240590999999998 -0.041880636999999998
v -0.16400625999999999 0.28240590999999998 -0.35533997
v -0.16400625999999999 0.28240590999999998 -0.35533997
v -0.16400625999999999 0.28240590999999998 -0.35533997
v 0.1723479 0.28240590999999998 -0.018985777999999998
v 0.1723479 0.28240590999999998 -0.018985777999999998
v 0.1723479 0.28240590999999998 -0.018985777999999998
v -0.1411114 0.28240590999999998 -0.37823483000000002
v -0.1411114 0.28240590999999998 -0.37823483000000002
v -0.1411114 0.28240590999999998 -0.37823483000000002
vn 0 -1 0
vn -0.7071068286895752 0 0.70710676908493042
vn 0.70710676908493042 0 0.7071068286895752
vn 0 -1 0
vn 0.7071068286895752 0 -0.70710676908493042
vn -0.70710676908493042 0 -0.7071068286895752
vn 0 -1 0
vn 0.7071068286895752 0 -0.70710676908493042
vn 0.70710676908493042 0 0.7071068286895752
vn 0 -1 0
vn -0.7071068286895752 0 0.70710676908493042
vn -0.70710676908493042 0 -0.7071068286895752
vn 0 1 0
vn 0.7071068286895752 0 -0.70710676908493042
vn 0.70710676908493042 0 0.7071068286895752
vn 0 1 0
vn -0.7071068286895752 0 0.70710676908493042
vn -0.70710676908493042 0 -0.7071068286895752
vn 0 1 0
vn -0.7071068286895752 0 0.70710676908493042
vn 0.70710676908493042 0 0.7071068286895752
vn 0 1 0
vn 0.7071068286895752 0 -0.70710676908493042
vn -0.70710676908493042 0 -0.7071068286895752
f 73//73 76//76 79//79
f 73//73 82//82 76//76
f 85//85 88//88 91//91
f 85//85 94//94 88//88
f 92//92 83//83 74//74
f 92//92 89//89 83//83
f 80//80 95//95 86//86
f 80//80 77//77 95//95
f 81//81 93//93 75//75
f 81//81 87//87 93//93
f 96//96 84//84 90//90
f 96//96 78//78 84//84
usemtl diffuse_0
v 0.19519359999999999 0.25002772000000001 -0.041826549999999997
v 0.19519359999999999 0.25002772000000001 -0.041826549999999997
v 0.19519359999999999 0.25002772000000001 -0.041826549999999997
v 0.16281538000000001 0.25002772000000001 0.070678062999999999
v 0.16281538000000001 0.25002772000000001 0.070678062999999999
v 0.16281538000000001 0.25002772000000001 0.070678062999999999
v 0.16281539 0.25002772000000001 -0.041826549999999997
v 0.16281539 0.25002772000000001 -0.041826549999999997
v 0.16281539 0.25002772000000001 -0.041826549999999997
v 0.19519359 0.25002772000000001 0.070678062999999999
v 0.19519359 0.25002772000000001 0.070678062999999999
v 0.19519359 0.25002772000000001 0.070678062999999999
v 0.16281539 0.28240590999999998 -0.041826549999999997
v 0.16281539 0.28240590999999998 -0.041826549999999997
v 0.16281539 0.28240590999999998 -0.041826549999999997
v 0.19519359 0.28240590999999998 0.070678062999999999
v 0.19519359 0.28240590999999998 0.070678062999999999
v 0.19519359 0.28240590999999998 0.070678062999999999
v 0.19519359999999999 0.28240590999999998 -0.041826549999999997
v 0.19519359999999999 0.28240590999999998 -0.041826549999999997
v 0.19519359999999999 0.28240590999999998 -0.041826549999999997
v 0.16281538000000001 0.28240590999999998 0.070678062999999999
v 0.16281538000000001 0.28240590999999998 0.070678062999999999
v 0.16281538000000001 0.28240590999999998 0.070678062999999999
vt 0.0020139291882514954 0.1039043664932251
vt 0.35202485322952271 0.00014793872833251953
vt 0.0020139291882514954 0.1039043664932251
vt 0.079500004649162292 0.97908806800842285
vt 0.079500004649162292 0.97908806800842285
vt 0.26659959554672241 0.99985206127166748
vt 0.072338707745075226 0.13226455450057983
vt 0.072338707745075226 0.13226455450057983
vt 0.072338707745075226 0.13226455450057983
vt 9.9919736385345459E-05 0.98524510860443115
vt 0.3655514121055603 0.945931077003479
vt 0.3655514121055603 0.945931077003479
vt 0.17234587669372559 0.0086387395858764648
vt 0.17102923989295959 0.093860149383544922
vt 0.17102923989295959 0.093860149383544922
vt 0.27388590574264526 0.86037516593933105
vt 0.27388590574264526 0.86037516593933105
vt 0.27388590574264526 0.86037516593933105
vt 0.27960538864135742 0.008059382438659668
vt 0.27960538864135742 0.008059382438659668
vt 0.06557387113571167 0.054852604866027832
vt 0.18888366222381592 0.91821271181106567
vt 0.17887318134307861 0.97785639762878418
vt 0.18888366222381592 0.91821271181106567
vn 0 -1 0
vn 1 0 5.9604637669963267E-08
vn 5.9604637669963267E-08 0 -1
vn 0 -1 0
vn -1 0 -5.9604637669963267E-08
vn -5.9604637669963267E-08 0 1
vn 0 -1 0
vn -1 0 -5.9604637669963267E-08
vn 5.9604637669963267E-08 0 -1
vn 0 -1 0
vn 1 0 5.9604637669963267E-08
vn -5.9604637669963267E-08 0 1
vn 0 1 0
vn -1 0 -5.9604637669963267E-08
vn 5.9604637669963267E-08 0 -1
vn 0 1 0
vn 1 0 5.9604637669963267E-08
vn -5.9604637669963267E-08 0 1
vn 0 1 0
vn 1 0 5.9604637669963267E-08
vn 5.9604637669963267E-08 0 -1
vn 0 1 0
vn -1 0 -5.9604637669963267E-08
vn -5.9604637669963267E-08 0 1
f 97/49/97 100/52/100 103/55/103
f 97/49/97 106/58/106 100/52/100
f 109/61/109 112/64/112 115/67/115
f 109/61/109 118/70/118 112/64/112
f 116/68/116 107/59/107 98/50/98
f 116/68/116 113/65/113 107/59/107
f 104/56/104 119/71/119 110/62/110
f 104/56/104 101/53/101 119/71/119
f 105/57/105 117/69/117 99/51/99
f 105/57/105 111/63/111 117/69/117
f 120/72/120 108/60/108 114/66/114
f 120/72/120 102/54/102 108/60/108
