# Rhino

mtllib full circle.mtl
usemtl diffuse_0
v 0.3616395 0.25002772000000001 -0.20892717
v 0.3616395 0.25002772000000001 -0.20892717
v 0.3616395 0.25002772000000001 -0.20892717
v 0.26500427999999998 0.25002772000000001 -0.10630675000000001
v 0.26500427999999998 0.25002772000000001 -0.10630675000000001
v 0.26500427999999998 0.25002772000000001 -0.10630675000000001
v 0.33359908999999999 0.25002772000000001 -0.22511630999999999
v 0.33359908999999999 0.25002772000000001 -0.22511630999999999
v 0.33359908999999999 0.25002772000000001 -0.22511630999999999
v 0.29304469 0.25002772000000001 -0.090117604000000004
v 0.29304469 0.25002772000000001 -0.090117604000000004
v 0.29304469 0.25002772000000001 -0.090117604000000004
v 0.33359908999999999 0.28240590999999998 -0.22511630999999999
v 0.33359908999999999 0.28240590999999998 -0.22511630999999999
v 0.33359908999999999 0.28240590999999998 -0.22511630999999999
v 0.29304469 0.28240590999999998 -0.090117604000000004
v 0.29304469 0.28240590999999998 -0.090117604000000004
v 0.29304469 0.28240590999999998 -0.090117604000000004
v 0.3616395 0.28240590999999998 -0.20892717
v 0.3616395 0.28240590999999998 -0.20892717
v 0.3616395 0.28240590999999998 -0.20892717
v 0.26500427999999998 0.28240590999999998 -0.10630675000000001
v 0.26500427999999998 0.28240590999999998 -0.10630675000000001
v 0.26500427999999998 0.28240590999999998 -0.10630675000000001
vn 0 -1 0
vn 0.86602520942687988 0 0.50000035762786865
vn 0.50000035762786865 0 -0.86602520942687988
vn 0 -1 0
vn -0.86602520942687988 0 -0.50000035762786865
vn -0.50000035762786865 0 0.86602520942687988
vn 0 -1 0
vn -0.86602520942687988 0 -0.50000035762786865
vn 0.50000035762786865 0 -0.86602520942687988
vn 0 -1 0
vn 0.86602520942687988 0 0.50000035762786865
vn -0.50000035762786865 0 0.86602520942687988
vn 0 1 0
vn -0.86602520942687988 0 -0.50000035762786865
vn 0.50000035762786865 0 -0.86602520942687988
vn 0 1 0
vn 0.86602520942687988 0 0.50000035762786865
vn -0.50000035762786865 0 0.86602520942687988
vn 0 1 0
vn 0.86602520942687988 0 0.50000035762786865
vn 0.50000035762786865 0 -0.86602520942687988
vn 0 1 0
vn -0.86602520942687988 0 -0.50000035762786865
vn -0.50000035762786865 0 0.86602520942687988
f 1//1 4//4 7//7
f 1//1 10//10 4//4
f 13//13 16//16 19//19
f 13//13 22//22 16//16
f 20//20 11//11 2//2
f 20//20 17//17 11//11
f 8//8 23//23 14//14
f 8//8 5//5 23//23
f 9//9 21//21 3//3
f 9//9 15//15 21//21
f 24//24 12//12 18//18
f 24//24 6//6 12//12
usemtl diffuse_0
v 0.32921340999999998 0.25002772000000001 -0.36040675999999999
v 0.32921340999999998 0.25002772000000001 -0.36040675999999999
v 0.32921340999999998 0.25002772000000001 -0.36040675999999999
v 0.36159173 0.25002772000000001 -0.20866925
v 0.36159173 0.25002772000000001 -0.20866925
v 0.36159173 0.25002772000000001 -0.20866925
v 0.36159166999999998 0.25002772000000001 -0.36040675999999999
v 0.36159166999999998 0.25002772000000001 -0.36040675999999999
v 0.36159166999999998 0.25002772000000001 -0.36040675999999999
v 0.32921347000000001 0.25002772000000001 -0.20866923000000001
v 0.32921347000000001 0.25002772000000001 -0.20866923000000001
v 0.32921347000000001 0.25002772000000001 -0.20866923000000001
v 0.36159166999999998 0.28240590999999998 -0.36040675999999999
v 0.36159166999999998 0.28240590999999998 -0.36040675999999999
v 0.36159166999999998 0.28240590999999998 -0.36040675999999999
v 0.32921347000000001 0.28240590999999998 -0.20866923000000001
v 0.32921347000000001 0.28240590999999998 -0.20866923000000001
v 0.32921347000000001 0.28240590999999998 -0.20866923000000001
v 0.32921340999999998 0.28240590999999998 -0.36040675999999999
v 0.32921340999999998 0.28240590999999998 -0.36040675999999999
v 0.32921340999999998 0.28240590999999998 -0.36040675999999999
v 0.36159173 0.28240590999999998 -0.20866925
v 0.36159173 0.28240590999999998 -0.20866925
v 0.36159173 0.28240590999999998 -0.20866925
vn 0 1 0
vn 1 0 -4.1723251342773438E-07
vn 4.1723251342773438E-07 0 1
vn 0 1 0
vn -1 0 4.1723251342773438E-07
vn -4.1723251342773438E-07 0 -1
vn 0 1 0
vn -1 0 4.1723251342773438E-07
vn 4.1723251342773438E-07 0 1
vn 0 1 0
vn 1 0 -4.1723251342773438E-07
vn -4.1723251342773438E-07 0 -1
vn 0 -1 0
vn -1 0 4.1723251342773438E-07
vn 4.1723251342773438E-07 0 1
vn 0 -1 0
vn 1 0 -4.1723251342773438E-07
vn -4.1723251342773438E-07 0 -1
vn 0 -1 0
vn 1 0 -4.1723251342773438E-07
vn 4.1723251342773438E-07 0 1
vn 0 -1 0
vn -1 0 4.1723251342773438E-07
vn -4.1723251342773438E-07 0 -1
f 25//25 31//31 28//28
f 25//25 28//28 34//34
f 37//37 43//43 40//40
f 37//37 40//40 46//46
f 44//44 26//26 35//35
f 44//44 35//35 41//41
f 32//32 38//38 47//47
f 32//32 47//47 29//29
f 33//33 27//27 45//45
f 33//33 45//45 39//39
f 48//48 42//42 36//36
f 48//48 36//36 30//30
usemtl diffuse_0
v 0.36170253000000002 0.25002772000000001 -0.36041307
v 0.36170253000000002 0.25002772000000001 -0.36041307
v 0.36170253000000002 0.25002772000000001 -0.36041307
v 0.26506742999999999 0.25002772000000001 -0.46303337999999999
v 0.26506742999999999 0.25002772000000001 -0.46303337999999999
v 0.26506742999999999 0.25002772000000001 -0.46303337999999999
v 0.33366214999999999 0.25002772000000001 -0.34422395
v 0.33366214999999999 0.25002772000000001 -0.34422395
v 0.33366214999999999 0.25002772000000001 -0.34422395
v 0.29310781000000002 0.25002772000000001 -0.47922250999999999
v 0.29310781000000002 0.25002772000000001 -0.47922250999999999
v 0.29310781000000002 0.25002772000000001 -0.47922250999999999
v 0.33366214999999999 0.28240590999999998 -0.34422395
v 0.33366214999999999 0.28240590999999998 -0.34422395
v 0.33366214999999999 0.28240590999999998 -0.34422395
v 0.29310781000000002 0.28240590999999998 -0.47922250999999999
v 0.29310781000000002 0.28240590999999998 -0.47922250999999999
v 0.29310781000000002 0.28240590999999998 -0.47922250999999999
v 0.36170253000000002 0.28240590999999998 -0.36041307
v 0.36170253000000002 0.28240590999999998 -0.36041307
v 0.36170253000000002 0.28240590999999998 -0.36041307
v 0.26506742999999999 0.28240590999999998 -0.46303337999999999
v 0.26506742999999999 0.28240590999999998 -0.46303337999999999
v 0.26506742999999999 0.28240590999999998 -0.46303337999999999
vn 0 1 0
vn -0.86602514982223511 0 0.50000041723251343
vn -0.50000041723251343 0 -0.86602514982223511
vn 0 1 0
vn 0.86602514982223511 0 -0.50000041723251343
vn 0.50000041723251343 0 0.86602514982223511
vn 0 1 0
vn 0.86602514982223511 0 -0.50000041723251343
vn -0.50000041723251343 0 -0.86602514982223511
vn 0 1 0
vn -0.86602514982223511 0 0.50000041723251343
vn 0.50000041723251343 0 0.86602514982223511
vn 0 -1 0
vn 0.86602514982223511 0 -0.50000041723251343
vn -0.50000041723251343 0 -0.86602514982223511
vn 0 -1 0
vn -0.86602514982223511 0 0.50000041723251343
vn 0.50000041723251343 0 0.86602514982223511
vn 0 -1 0
vn -0.86602514982223511 0 0.50000041723251343
vn -0.50000041723251343 0 -0.86602514982223511
vn 0 -1 0
vn 0.86602514982223511 0 -0.50000041723251343
vn 0.50000041723251343 0 0.86602514982223511
f 49//49 55//55 52//52
f 49//49 52//52 58//58
f 61//61 67//67 64//64
f 61//61 64//64 70//70
f 68//68 50//50 59//59
f 68//68 59//59 65//65
f 56//56 62//62 71//71
f 56//56 71//71 53//53
f 57//57 51//51 69//69
f 57//57 69//69 63//63
f 72//72 66//66 60//60
f 72//72 60//60 54//54
usemtl diffuse_0
v 0.29315429999999998 0.25002769000000002 -0.47917438000000001
v 0.29315429999999998 0.25002769000000002 -0.47917438000000001
v 0.29315429999999998 0.25002769000000002 -0.47917438000000001
v 0.15815552999999999 0.25002769000000002 -0.51972872000000003
v 0.15815552999999999 0.25002769000000002 -0.51972872000000003
v 0.15815552999999999 0.25002769000000002 -0.51972872000000003
v 0.27696520000000002 0.25002769000000002 -0.45113397
v 0.27696520000000002 0.25002769000000002 -0.45113397
v 0.27696520000000002 0.25002769000000002 -0.45113397
v 0.17434464 0.25002769000000002 -0.54776913000000005
v 0.17434464 0.25002769000000002 -0.54776913000000005
v 0.17434464 0.25002769000000002 -0.54776913000000005
v 0.27696520000000002 0.28240594000000002 -0.45113397
v 0.27696520000000002 0.28240594000000002 -0.45113397
v 0.27696520000000002 0.28240594000000002 -0.45113397
v 0.17434464 0.28240594000000002 -0.54776913000000005
v 0.17434464 0.28240594000000002 -0.54776913000000005
v 0.17434464 0.28240594000000002 -0.54776913000000005
v 0.29315429999999998 0.28240594000000002 -0.47917438000000001
v 0.29315429999999998 0.28240594000000002 -0.47917438000000001
v 0.29315429999999998 0.28240594000000002 -0.47917438000000001
v 0.15815552999999999 0.28240594000000002 -0.51972872000000003
v 0.15815552999999999 0.28240594000000002 -0.51972872000000003
v 0.15815552999999999 0.28240594000000002 -0.51972872000000003
vn 0 1 0
vn -0.49999979138374329 0 0.86602550745010376
vn -0.86602550745010376 0 -0.49999979138374329
vn 0 1 0
vn 0.49999979138374329 0 -0.86602550745010376
vn 0.86602550745010376 0 0.49999979138374329
vn 0 1 0
vn 0.49999979138374329 0 -0.86602550745010376
vn -0.86602550745010376 0 -0.49999979138374329
vn 0 1 0
vn -0.49999979138374329 0 0.86602550745010376
vn 0.86602550745010376 0 0.49999979138374329
vn 0 -1 0
vn 0.49999979138374329 0 -0.86602550745010376
vn -0.86602550745010376 0 -0.49999979138374329
vn 0 -1 0
vn -0.49999979138374329 0 0.86602550745010376
vn 0.86602550745010376 0 0.49999979138374329
vn 0 -1 0
vn -0.49999979138374329 0 0.86602550745010376
vn -0.86602550745010376 0 -0.49999979138374329
vn 0 -1 0
vn 0.49999979138374329 0 -0.86602550745010376
vn 0.86602550745010376 0 0.49999979138374329
f 73//73 79//79 76//76
f 73//73 76//76 82//82
f 85//85 91//91 88//88
f 85//85 88//88 94//94
f 92//92 74//74 83//83
f 92//92 83//83 89//89
f 80//80 86//86 95//95
f 80//80 95//95 77//77
f 81//81 75//75 93//93
f 81//81 93//93 87//87
f 96//96 90//90 84//84
f 96//96 84//84 78//78
usemtl diffuse_0
v 0.036886014000000002 0.25002769000000002 -0.54798913000000005
v 0.036886014000000002 0.25002769000000002 -0.54798913000000005
v 0.036886014000000002 0.25002769000000002 -0.54798913000000005
v 0.17407550999999999 0.25002769000000002 -0.51561080999999997
v 0.17407550999999999 0.25002769000000002 -0.51561080999999997
v 0.17407550999999999 0.25002769000000002 -0.51561080999999997
v 0.036885999000000003 0.25002769000000002 -0.51561087000000005
v 0.036885999000000003 0.25002769000000002 -0.51561087000000005
v 0.036885999000000003 0.25002769000000002 -0.51561087000000005
v 0.17407554 0.25002769000000002 -0.54798906999999997
v 0.17407554 0.25002769000000002 -0.54798906999999997
v 0.17407554 0.25002769000000002 -0.54798906999999997
v 0.036885999000000003 0.28240594000000002 -0.51561087000000005
v 0.036885999000000003 0.28240594000000002 -0.51561087000000005
v 0.036885999000000003 0.28240594000000002 -0.51561087000000005
v 0.17407554 0.28240594000000002 -0.54798906999999997
v 0.17407554 0.28240594000000002 -0.54798906999999997
v 0.17407554 0.28240594000000002 -0.54798906999999997
v 0.036886014000000002 0.28240594000000002 -0.54798913000000005
v 0.036886014000000002 0.28240594000000002 -0.54798913000000005
v 0.036886014000000002 0.28240594000000002 -0.54798913000000005
v 0.17407550999999999 0.28240594000000002 -0.51561080999999997
v 0.17407550999999999 0.28240594000000002 -0.51561080999999997
v 0.17407550999999999 0.28240594000000002 -0.51561080999999997
vn 0 -1 0
vn 3.5762786865234375E-07 0 -1
vn -1 0 -3.5762786865234375E-07
vn 0 -1 0
vn -3.5762786865234375E-07 0 1
vn 1 0 3.5762786865234375E-07
vn 0 -1 0
vn -3.5762786865234375E-07 0 1
vn -1 0 -3.5762786865234375E-07
vn 0 -1 0
vn 3.5762786865234375E-07 0 -1
vn 1 0 3.5762786865234375E-07
vn 0 1 0
vn -3.5762786865234375E-07 0 1
vn -1 0 -3.5762786865234375E-07
vn 0 1 0
vn 3.5762786865234375E-07 0 -1
vn 1 0 3.5762786865234375E-07
vn 0 1 0
vn 3.5762786865234375E-07 0 -1
vn -1 0 -3.5762786865234375E-07
vn 0 1 0
vn -3.5762786865234375E-07 0 1
vn 1 0 3.5762786865234375E-07
f 97//97 100//100 103//103
f 97//97 106//106 100//100
f 109//109 112//112 115//115
f 109//109 118//118 112//112
f 116//116 107//107 98//98
f 116//116 113//113 107//107
f 104//104 119//119 110//110
f 104//104 101//101 119//119
f 105//105 117//117 99//99
f 105//105 111//111 117//117
f 120//120 108//108 114//114
f 120//120 102//102 108//108
usemtl diffuse_0
v -0.081697606000000006 0.25002769000000002 -0.47942256999999999
v -0.081697606000000006 0.25002769000000002 -0.47942256999999999
v -0.081697606000000006 0.25002769000000002 -0.47942256999999999
v 0.053301103000000002 0.25002769000000002 -0.51997691000000001
v 0.053301103000000002 0.25002769000000002 -0.51997691000000001
v 0.053301103000000002 0.25002769000000002 -0.51997691000000001
v -0.065508492000000001 0.25002769000000002 -0.45138219000000002
v -0.065508492000000001 0.25002769000000002 -0.45138219000000002
v -0.065508492000000001 0.25002769000000002 -0.45138219000000002
v 0.037111989999999997 0.25002769000000002 -0.54801725999999995
v 0.037111989999999997 0.25002769000000002 -0.54801725999999995
v 0.037111989999999997 0.25002769000000002 -0.54801725999999995
v -0.065508492000000001 0.28240594000000002 -0.45138219000000002
v -0.065508492000000001 0.28240594000000002 -0.45138219000000002
v -0.065508492000000001 0.28240594000000002 -0.45138219000000002
v 0.037111989999999997 0.28240594000000002 -0.54801725999999995
v 0.037111989999999997 0.28240594000000002 -0.54801725999999995
v 0.037111989999999997 0.28240594000000002 -0.54801725999999995
v -0.081697606000000006 0.28240594000000002 -0.47942256999999999
v -0.081697606000000006 0.28240594000000002 -0.47942256999999999
v -0.081697606000000006 0.28240594000000002 -0.47942256999999999
v 0.053301103000000002 0.28240594000000002 -0.51997691000000001
v 0.053301103000000002 0.28240594000000002 -0.51997691000000001
v 0.053301103000000002 0.28240594000000002 -0.51997691000000001
vn 0 -1 0
vn -0.49999979138374329 0 -0.86602550745010376
vn -0.86602550745010376 0 0.49999979138374329
vn 0 -1 0
vn 0.49999979138374329 0 0.86602550745010376
vn 0.86602550745010376 0 -0.49999979138374329
vn 0 -1 0
vn 0.49999979138374329 0 0.86602550745010376
vn -0.86602550745010376 0 0.49999979138374329
vn 0 -1 0
vn -0.49999979138374329 0 -0.86602550745010376
vn 0.86602550745010376 0 -0.49999979138374329
vn 0 1 0
vn 0.49999979138374329 0 0.86602550745010376
vn -0.86602550745010376 0 0.49999979138374329
vn 0 1 0
vn -0.49999979138374329 0 -0.86602550745010376
vn 0.86602550745010376 0 -0.49999979138374329
vn 0 1 0
vn -0.49999979138374329 0 -0.86602550745010376
vn -0.86602550745010376 0 0.49999979138374329
vn 0 1 0
vn 0.49999979138374329 0 0.86602550745010376
vn 0.86602550745010376 0 -0.49999979138374329
f 121//121 124//124 127//127
f 121//121 130//130 124//124
f 133//133 136//136 139//139
f 133//133 142//142 136//136
f 140//140 131//131 122//122
f 140//140 137//137 131//131
f 128//128 143//143 134//134
f 128//128 125//125 143//143
f 129//129 141//141 123//123
f 129//129 135//135 141//141
f 144//144 132//132 138//138
f 144//144 126//126 132//132
usemtl diffuse_0
v -0.15021744000000001 0.25002772000000001 -0.36068981999999999
v -0.15021744000000001 0.25002772000000001 -0.36068981999999999
v -0.15021744000000001 0.25002772000000001 -0.36068981999999999
v -0.053582311000000001 0.25002772000000001 -0.46331011999999999
v -0.053582311000000001 0.25002772000000001 -0.46331011999999999
v -0.053582311000000001 0.25002772000000001 -0.46331011999999999
v -0.12217706 0.25002772000000001 -0.34450066000000001
v -0.12217706 0.25002772000000001 -0.34450066000000001
v -0.12217706 0.25002772000000001 -0.34450066000000001
v -0.081622689999999998 0.25002772000000001 -0.47949928000000003
v -0.081622689999999998 0.25002772000000001 -0.47949928000000003
v -0.081622689999999998 0.25002772000000001 -0.47949928000000003
v -0.12217706 0.28240590999999998 -0.34450066000000001
v -0.12217706 0.28240590999999998 -0.34450066000000001
v -0.12217706 0.28240590999999998 -0.34450066000000001
v -0.081622689999999998 0.28240590999999998 -0.47949928000000003
v -0.081622689999999998 0.28240590999999998 -0.47949928000000003
v -0.081622689999999998 0.28240590999999998 -0.47949928000000003
v -0.15021744000000001 0.28240590999999998 -0.36068981999999999
v -0.15021744000000001 0.28240590999999998 -0.36068981999999999
v -0.15021744000000001 0.28240590999999998 -0.36068981999999999
v -0.053582311000000001 0.28240590999999998 -0.46331011999999999
v -0.053582311000000001 0.28240590999999998 -0.46331011999999999
v -0.053582311000000001 0.28240590999999998 -0.46331011999999999
vn 0 -1 0
vn -0.86602514982223511 0 -0.50000041723251343
vn -0.50000041723251343 0 0.86602514982223511
vn 0 -1 0
vn 0.86602514982223511 0 0.50000041723251343
vn 0.50000041723251343 0 -0.86602514982223511
vn 0 -1 0
vn 0.86602514982223511 0 0.50000041723251343
vn -0.50000041723251343 0 0.86602514982223511
vn 0 -1 0
vn -0.86602514982223511 0 -0.50000041723251343
vn 0.50000041723251343 0 -0.86602514982223511
vn 0 1 0
vn 0.86602514982223511 0 0.50000041723251343
vn -0.50000041723251343 0 0.86602514982223511
vn 0 1 0
vn -0.86602514982223511 0 -0.50000041723251343
vn 0.50000041723251343 0 -0.86602514982223511
vn 0 1 0
vn -0.86602514982223511 0 -0.50000041723251343
vn -0.50000041723251343 0 0.86602514982223511
vn 0 1 0
vn 0.86602514982223511 0 0.50000041723251343
vn 0.50000041723251343 0 -0.86602514982223511
f 145//145 148//148 151//151
f 145//145 154//154 148//148
f 157//157 160//160 163//163
f 157//157 166//166 160//160
f 164//164 155//155 146//146
f 164//164 161//161 155//155
f 152//152 167//167 158//158
f 152//152 149//149 167//167
f 153//153 165//165 147//147
f 153//153 159//159 165//165
f 168//168 156//156 162//162
f 168//168 150//150 156//156
usemtl diffuse_0
v -0.081447153999999994 0.25002769000000002 -0.090479328999999997
v -0.081447153999999994 0.25002769000000002 -0.090479328999999997
v -0.081447153999999994 0.25002769000000002 -0.090479328999999997
v 0.053551629000000003 0.25002769000000002 -0.049924966000000001
v 0.053551629000000003 0.25002769000000002 -0.049924966000000001
v 0.053551629000000003 0.25002769000000002 -0.049924966000000001
v -0.065258041000000003 0.25002769000000002 -0.11851972
v -0.065258041000000003 0.25002769000000002 -0.11851972
v -0.065258041000000003 0.25002769000000002 -0.11851972
v 0.037362512000000001 0.25002769000000002 -0.021884579000000001
v 0.037362512000000001 0.25002769000000002 -0.021884579000000001
v 0.037362512000000001 0.25002769000000002 -0.021884579000000001
v -0.065258041000000003 0.28240594000000002 -0.11851972
v -0.065258041000000003 0.28240594000000002 -0.11851972
v -0.065258041000000003 0.28240594000000002 -0.11851972
v 0.037362512000000001 0.28240594000000002 -0.021884579000000001
v 0.037362512000000001 0.28240594000000002 -0.021884579000000001
v 0.037362512000000001 0.28240594000000002 -0.021884579000000001
v -0.081447153999999994 0.28240594000000002 -0.090479328999999997
v -0.081447153999999994 0.28240594000000002 -0.090479328999999997
v -0.081447153999999994 0.28240594000000002 -0.090479328999999997
v 0.053551629000000003 0.28240594000000002 -0.049924966000000001
v 0.053551629000000003 0.28240594000000002 -0.049924966000000001
v 0.053551629000000003 0.28240594000000002 -0.049924966000000001
vn 0 1 0
vn 0.49999979138374329 0 -0.86602550745010376
vn 0.86602550745010376 0 0.49999979138374329
vn 0 1 0
vn -0.49999979138374329 0 0.86602550745010376
vn -0.86602550745010376 0 -0.49999979138374329
vn 0 1 0
vn -0.49999979138374329 0 0.86602550745010376
vn 0.86602550745010376 0 0.49999979138374329
vn 0 1 0
vn 0.49999979138374329 0 -0.86602550745010376
vn -0.86602550745010376 0 -0.49999979138374329
vn 0 -1 0
vn -0.49999979138374329 0 0.86602550745010376
vn 0.86602550745010376 0 0.49999979138374329
vn 0 -1 0
vn 0.49999979138374329 0 -0.86602550745010376
vn -0.86602550745010376 0 -0.49999979138374329
vn 0 -1 0
vn 0.49999979138374329 0 -0.86602550745010376
vn 0.86602550745010376 0 0.49999979138374329
vn 0 -1 0
vn -0.49999979138374329 0 0.86602550745010376
vn -0.86602550745010376 0 -0.49999979138374329
f 169//169 175//175 172//172
f 169//169 172//172 178//178
f 181//181 187//187 184//184
f 181//181 184//184 190//190
f 188//188 170//170 179//179
f 188//188 179//179 185//185
f 176//176 182//182 191//191
f 176//176 191//191 173//173
f 177//177 171//171 189//189
f 177//177 189//189 183//183
f 192//192 186//186 180//180
f 192//192 180//180 174//174
usemtl diffuse_0
v -0.15004762999999999 0.25002772000000001 -0.36079266999999998
v -0.15004762999999999 0.25002772000000001 -0.36079266999999998
v -0.15004762999999999 0.25002772000000001 -0.36079266999999998
v -0.11766931 0.25002772000000001 -0.20905515999999999
v -0.11766931 0.25002772000000001 -0.20905515999999999
v -0.11766931 0.25002772000000001 -0.20905515999999999
v -0.11766938 0.25002772000000001 -0.36079270000000002
v -0.11766938 0.25002772000000001 -0.36079270000000002
v -0.11766938 0.25002772000000001 -0.36079270000000002
v -0.15004756999999999 0.25002772000000001 -0.20905514
v -0.15004756999999999 0.25002772000000001 -0.20905514
v -0.15004756999999999 0.25002772000000001 -0.20905514
v -0.11766938 0.28240590999999998 -0.36079270000000002
v -0.11766938 0.28240590999999998 -0.36079270000000002
v -0.11766938 0.28240590999999998 -0.36079270000000002
v -0.15004756999999999 0.28240590999999998 -0.20905514
v -0.15004756999999999 0.28240590999999998 -0.20905514
v -0.15004756999999999 0.28240590999999998 -0.20905514
v -0.15004762999999999 0.28240590999999998 -0.36079266999999998
v -0.15004762999999999 0.28240590999999998 -0.36079266999999998
v -0.15004762999999999 0.28240590999999998 -0.36079266999999998
v -0.11766931 0.28240590999999998 -0.20905515999999999
v -0.11766931 0.28240590999999998 -0.20905515999999999
v -0.11766931 0.28240590999999998 -0.20905515999999999
vn 0 1 0
vn 1 0 -4.1723251342773438E-07
vn 4.1723251342773438E-07 0 1
vn 0 1 0
vn -1 0 4.1723251342773438E-07
vn -4.1723251342773438E-07 0 -1
vn 0 1 0
vn -1 0 4.1723251342773438E-07
vn 4.1723251342773438E-07 0 1
vn 0 1 0
vn 1 0 -4.1723251342773438E-07
vn -4.1723251342773438E-07 0 -1
vn 0 -1 0
vn -1 0 4.1723251342773438E-07
vn 4.1723251342773438E-07 0 1
vn 0 -1 0
vn 1 0 -4.1723251342773438E-07
vn -4.1723251342773438E-07 0 -1
vn 0 -1 0
vn 1 0 -4.1723251342773438E-07
vn 4.1723251342773438E-07 0 1
vn 0 -1 0
vn -1 0 4.1723251342773438E-07
vn -4.1723251342773438E-07 0 -1
f 193//193 199//199 196//196
f 193//193 196//196 202//202
f 205//205 211//211 208//208
f 205//205 208//208 214//214
f 212//212 194//194 203//203
f 212//212 203//203 209//209
f 200//200 206//206 215//215
f 200//200 215//215 197//197
f 201//201 195//195 213//213
f 201//201 213//213 207//207
f 216//216 210//210 204//204
f 216//216 204//204 198//198
usemtl diffuse_0
v -0.15014912 0.25002772000000001 -0.20931738999999999
v -0.15014912 0.25002772000000001 -0.20931738999999999
v -0.15014912 0.25002772000000001 -0.20931738999999999
v -0.053513918000000001 0.25002772000000001 -0.10669697
v -0.053513918000000001 0.25002772000000001 -0.10669697
v -0.053513918000000001 0.25002772000000001 -0.10669697
v -0.12210873 0.25002772000000001 -0.22550650999999999
v -0.12210873 0.25002772000000001 -0.22550650999999999
v -0.12210873 0.25002772000000001 -0.22550650999999999
v -0.081554309000000005 0.25002772000000001 -0.090507827999999999
v -0.081554309000000005 0.25002772000000001 -0.090507827999999999
v -0.081554309000000005 0.25002772000000001 -0.090507827999999999
v -0.12210873 0.28240590999999998 -0.22550650999999999
v -0.12210873 0.28240590999999998 -0.22550650999999999
v -0.12210873 0.28240590999999998 -0.22550650999999999
v -0.081554309000000005 0.28240590999999998 -0.090507827999999999
v -0.081554309000000005 0.28240590999999998 -0.090507827999999999
v -0.081554309000000005 0.28240590999999998 -0.090507827999999999
v -0.15014912 0.28240590999999998 -0.20931738999999999
v -0.15014912 0.28240590999999998 -0.20931738999999999
v -0.15014912 0.28240590999999998 -0.20931738999999999
v -0.053513918000000001 0.28240590999999998 -0.10669697
v -0.053513918000000001 0.28240590999999998 -0.10669697
v -0.053513918000000001 0.28240590999999998 -0.10669697
vn 0 1 0
vn 0.86602520942687988 0 -0.50000035762786865
vn 0.50000041723251343 0 0.86602514982223511
vn 0 1 0
vn -0.86602520942687988 0 0.50000035762786865
vn -0.50000041723251343 0 -0.86602514982223511
vn 0 1 0
vn -0.86602520942687988 0 0.50000035762786865
vn 0.50000041723251343 0 0.86602514982223511
vn 0 1 0
vn 0.86602520942687988 0 -0.50000035762786865
vn -0.50000041723251343 0 -0.86602514982223511
vn 0 -1 0
vn -0.86602520942687988 0 0.50000035762786865
vn 0.50000041723251343 0 0.86602514982223511
vn 0 -1 0
vn 0.86602520942687988 0 -0.50000035762786865
vn -0.50000041723251343 0 -0.86602514982223511
vn 0 -1 0
vn 0.86602520942687988 0 -0.50000035762786865
vn 0.50000041723251343 0 0.86602514982223511
vn 0 -1 0
vn -0.86602520942687988 0 0.50000035762786865
vn -0.50000041723251343 0 -0.86602514982223511
f 217//217 223//223 220//220
f 217//217 220//220 226//226
f 229//229 235//235 232//232
f 229//229 232//232 238//238
f 236//236 218//218 227//227
f 236//236 227//227 233//233
f 224//224 230//230 239//239
f 224//224 239//239 221//221
f 225//225 219//219 237//237
f 225//225 237//237 231//231
f 240//240 234//234 228//228
f 240//240 228//228 222//222
usemtl diffuse_0
v 0.23722862 0.25002772000000001 -0.055299255999999998
v 0.23722862 0.25002772000000001 -0.055299255999999998
v 0.23722862 0.25002772000000001 -0.055299255999999998
v 0.097328215999999995 0.25002769000000002 -0.14940986000000001
v 0.097328215999999995 0.25002769000000002 -0.14940986000000001
v 0.097328215999999995 0.25002769000000002 -0.14940986000000001
v 0.21433382000000001 0.25002769000000002 -0.032404438000000001
v 0.21433382000000001 0.25002769000000002 -0.032404438000000001
v 0.21433382000000001 0.25002769000000002 -0.032404438000000001
v 0.120223 0.25002772000000001 -0.17230469000000001
v 0.120223 0.25002772000000001 -0.17230469000000001
v 0.120223 0.25002772000000001 -0.17230469000000001
v 0.21433382000000001 0.28240590999999998 -0.032404423000000002
v 0.21433382000000001 0.28240590999999998 -0.032404423000000002
v 0.21433382000000001 0.28240590999999998 -0.032404423000000002
v 0.120223 0.28240594000000002 -0.17230466999999999
v 0.120223 0.28240594000000002 -0.17230466999999999
v 0.120223 0.28240594000000002 -0.17230466999999999
v 0.23722860000000001 0.28240594000000002 -0.055299249000000002
v 0.23722860000000001 0.28240594000000002 -0.055299249000000002
v 0.23722860000000001 0.28240594000000002 -0.055299249000000002
v 0.097328201000000003 0.28240590999999998 -0.14940986000000001
v 0.097328201000000003 0.28240590999999998 -0.14940986000000001
v 0.097328201000000003 0.28240590999999998 -0.14940986000000001
vt 0.0020139291882514954 0.1039043664932251
vt 0.35202485322952271 0.00014793872833251953
vt 0.0020139291882514954 0.1039043664932251
vt 0.079500004649162292 0.97908806800842285
vt 0.079500004649162292 0.97908806800842285
vt 0.26659959554672241 0.99985206127166748
vt 0.072338707745075226 0.13226455450057983
vt 0.072338707745075226 0.13226455450057983
vt 0.072338707745075226 0.13226455450057983
vt 9.9919736385345459E-05 0.98524510860443115
vt 0.3655514121055603 0.945931077003479
vt 0.3655514121055603 0.945931077003479
vt 0.17234587669372559 0.0086387395858764648
vt 0.17102923989295959 0.093860149383544922
vt 0.17102923989295959 0.093860149383544922
vt 0.27388590574264526 0.86037516593933105
vt 0.27388590574264526 0.86037516593933105
vt 0.27388590574264526 0.86037516593933105
vt 0.27960538864135742 0.008059382438659668
vt 0.27960538864135742 0.008059382438659668
vt 0.06557387113571167 0.054852604866027832
vt 0.18888366222381592 0.91821271181106567
vt 0.17887318134307861 0.97785639762878418
vt 0.18888366222381592 0.91821271181106567
vn -3.3717461178639496E-07 1 3.3717418546075351E-07
vn -0.70710629224777222 -4.7683661819064582E-07 0.7071073055267334
vn -0.7071073055267334 0 -0.70710623264312744
vn -3.3717461178639496E-07 1 3.3717418546075351E-07
vn 0.70710629224777222 4.7683661819064582E-07 -0.7071073055267334
vn 0.7071073055267334 0 0.70710623264312744
vn -3.3717461178639496E-07 1 3.3717418546075351E-07
vn 0.70710629224777222 4.7683661819064582E-07 -0.7071073055267334
vn -0.7071073055267334 0 -0.70710623264312744
vn -3.3717461178639496E-07 1 3.3717418546075351E-07
vn -0.70710629224777222 -4.7683661819064582E-07 0.7071073055267334
vn 0.7071073055267334 0 0.70710623264312744
vn 3.3717461178639496E-07 -1 -3.3717418546075351E-07
vn 0.70710629224777222 4.7683661819064582E-07 -0.7071073055267334
vn -0.7071073055267334 0 -0.70710623264312744
vn 3.3717461178639496E-07 -1 -3.3717418546075351E-07
vn -0.70710629224777222 -4.7683661819064582E-07 0.7071073055267334
vn 0.7071073055267334 0 0.70710623264312744
vn 3.3717461178639496E-07 -1 -3.3717418546075351E-07
vn -0.70710629224777222 -4.7683661819064582E-07 0.7071073055267334
vn -0.7071073055267334 0 -0.70710623264312744
vn 3.3717461178639496E-07 -1 -3.3717418546075351E-07
vn 0.70710629224777222 4.7683661819064582E-07 -0.7071073055267334
vn 0.7071073055267334 0 0.70710623264312744
f 241/1/241 247/7/247 244/4/244
f 241/1/241 244/4/244 250/10/250
f 253/13/253 259/19/259 256/16/256
f 253/13/253 256/16/256 262/22/262
f 260/20/260 242/2/242 251/11/251
f 260/20/260 251/11/251 257/17/257
f 248/8/248 254/14/254 263/23/263
f 248/8/248 263/23/263 245/5/245
f 249/9/249 243/3/243 261/21/261
f 249/9/249 261/21/261 255/15/255
f 264/24/264 258/18/258 252/12/252
f 264/24/264 252/12/252 246/6/246
usemtl diffuse_0
v 0.21423405000000001 0.25002772000000001 -0.045349716999999998
v 0.21423405000000001 0.25002772000000001 -0.045349716999999998
v 0.21423405000000001 0.25002772000000001 -0.045349716999999998
v 0.12012345000000001 0.25002772000000001 0.094550461000000002
v 0.12012345000000001 0.25002772000000001 0.094550461000000002
v 0.12012345000000001 0.25002772000000001 0.094550461000000002
v 0.23712886999999999 0.25002772000000001 -0.022454871000000001
v 0.23712886999999999 0.25002772000000001 -0.022454871000000001
v 0.23712886999999999 0.25002772000000001 -0.022454871000000001
v 0.097228630999999996 0.25002772000000001 0.071655616000000005
v 0.097228630999999996 0.25002772000000001 0.071655616000000005
v 0.097228630999999996 0.25002772000000001 0.071655616000000005
v 0.23712886999999999 0.28240590999999998 -0.022454871000000001
v 0.23712886999999999 0.28240590999999998 -0.022454871000000001
v 0.23712886999999999 0.28240590999999998 -0.022454871000000001
v 0.097228630999999996 0.28240590999999998 0.071655616000000005
v 0.097228630999999996 0.28240590999999998 0.071655616000000005
v 0.097228630999999996 0.28240590999999998 0.071655616000000005
v 0.21423405000000001 0.28240590999999998 -0.045349716999999998
v 0.21423405000000001 0.28240590999999998 -0.045349716999999998
v 0.21423405000000001 0.28240590999999998 -0.045349716999999998
v 0.12012345000000001 0.28240590999999998 0.094550461000000002
v 0.12012345000000001 0.28240590999999998 0.094550461000000002
v 0.12012345000000001 0.28240590999999998 0.094550461000000002
vt 0.0020139291882514954 0.1039043664932251
vt 0.35202485322952271 0.00014793872833251953
vt 0.0020139291882514954 0.1039043664932251
vt 0.079500004649162292 0.97908806800842285
vt 0.079500004649162292 0.97908806800842285
vt 0.26659959554672241 0.99985206127166748
vt 0.072338707745075226 0.13226455450057983
vt 0.072338707745075226 0.13226455450057983
vt 0.072338707745075226 0.13226455450057983
vt 9.9919736385345459E-05 0.98524510860443115
vt 0.3655514121055603 0.945931077003479
vt 0.3655514121055603 0.945931077003479
vt 0.17234587669372559 0.0086387395858764648
vt 0.17102923989295959 0.093860149383544922
vt 0.17102923989295959 0.093860149383544922
vt 0.27388590574264526 0.86037516593933105
vt 0.27388590574264526 0.86037516593933105
vt 0.27388590574264526 0.86037516593933105
vt 0.27960538864135742 0.008059382438659668
vt 0.27960538864135742 0.008059382438659668
vt 0.06557387113571167 0.054852604866027832
vt 0.18888366222381592 0.91821271181106567
vt 0.17887318134307861 0.97785639762878418
vt 0.18888366222381592 0.91821271181106567
vn 0 1 0
vn 0.70710653066635132 0 0.7071070671081543
vn -0.70710700750350952 0 0.70710653066635132
vn 0 1 0
vn -0.70710653066635132 0 -0.7071070671081543
vn 0.70710700750350952 0 -0.70710653066635132
vn 0 1 0
vn -0.70710653066635132 0 -0.7071070671081543
vn -0.70710700750350952 0 0.70710653066635132
vn 0 1 0
vn 0.70710653066635132 0 0.7071070671081543
vn 0.70710700750350952 0 -0.70710653066635132
vn 0 -1 0
vn -0.70710653066635132 0 -0.7071070671081543
vn -0.70710700750350952 0 0.70710653066635132
vn 0 -1 0
vn 0.70710653066635132 0 0.7071070671081543
vn 0.70710700750350952 0 -0.70710653066635132
vn 0 -1 0
vn 0.70710653066635132 0 0.7071070671081543
vn -0.70710700750350952 0 0.70710653066635132
vn 0 -1 0
vn -0.70710653066635132 0 -0.7071070671081543
vn 0.70710700750350952 0 -0.70710653066635132
f 265/25/265 271/31/271 268/28/268
f 265/25/265 268/28/268 274/34/274
f 277/37/277 283/43/283 280/40/280
f 277/37/277 280/40/280 286/46/286
f 284/44/284 266/26/266 275/35/275
f 284/44/284 275/35/275 281/41/281
f 272/32/272 278/38/278 287/47/287
f 272/32/272 287/47/287 269/29/269
f 273/33/273 267/27/267 285/45/285
f 273/33/273 285/45/285 279/39/279
f 288/48/288 282/42/282 276/36/276
f 288/48/288 276/36/276 270/30/270
usemtl diffuse_0
v 0.036995128000000002 0.25002772000000001 -0.021962754000000001
v 0.036995128000000002 0.25002772000000001 -0.021962754000000001
v 0.036995128000000002 0.25002772000000001 -0.021962754000000001
v 0.23725055 0.25002772000000001 -0.054341017999999998
v 0.23725055 0.25002772000000001 -0.054341017999999998
v 0.23725055 0.25002772000000001 -0.054341017999999998
v 0.036995113000000003 0.25002772000000001 -0.054340921
v 0.036995113000000003 0.25002772000000001 -0.054340921
v 0.036995113000000003 0.25002772000000001 -0.054340921
v 0.23725056999999999 0.25002772000000001 -0.021962850999999999
v 0.23725056999999999 0.25002772000000001 -0.021962850999999999
v 0.23725056999999999 0.25002772000000001 -0.021962850999999999
v 0.036995113000000003 0.28240590999999998 -0.054340921
v 0.036995113000000003 0.28240590999999998 -0.054340921
v 0.036995113000000003 0.28240590999999998 -0.054340921
v 0.23725056999999999 0.28240590999999998 -0.021962850999999999
v 0.23725056999999999 0.28240590999999998 -0.021962850999999999
v 0.23725056999999999 0.28240590999999998 -0.021962850999999999
v 0.036995128000000002 0.28240590999999998 -0.021962754000000001
v 0.036995128000000002 0.28240590999999998 -0.021962754000000001
v 0.036995128000000002 0.28240590999999998 -0.021962754000000001
v 0.23725055 0.28240590999999998 -0.054341017999999998
v 0.23725055 0.28240590999999998 -0.054341017999999998
v 0.23725055 0.28240590999999998 -0.054341017999999998
vn 0 1 0
vn -4.7683721504654386E-07 0 -1
vn 1 0 -4.7683721504654386E-07
vn 0 1 0
vn 4.7683721504654386E-07 0 1
vn -1 0 4.7683721504654386E-07
vn 0 1 0
vn 4.7683721504654386E-07 0 1
vn 1 0 -4.7683721504654386E-07
vn 0 1 0
vn -4.7683721504654386E-07 0 -1
vn -1 0 4.7683721504654386E-07
vn 0 -1 0
vn 4.7683721504654386E-07 0 1
vn 1 0 -4.7683721504654386E-07
vn 0 -1 0
vn -4.7683721504654386E-07 0 -1
vn -1 0 4.7683721504654386E-07
vn 0 -1 0
vn -4.7683721504654386E-07 0 -1
vn 1 0 -4.7683721504654386E-07
vn 0 -1 0
vn 4.7683721504654386E-07 0 1
vn -1 0 4.7683721504654386E-07
f 289//289 295//295 292//292
f 289//289 292//292 298//298
f 301//301 307//307 304//304
f 301//301 304//304 310//310
f 308//308 290//290 299//299
f 308//308 299//299 305//305
f 296//296 302//302 311//311
f 296//296 311//311 293//293
f 297//297 291//291 309//309
f 297//297 309//309 303//303
f 312//312 306//306 300//300
f 312//312 300//300 294//294
