# Rhino

mtllib quarter circle.mtl
usemtl diffuse_0
v 0.36908542999999999 0.25002769000000002 0.071239009000000006
v 0.36908542999999999 0.25002769000000002 0.071239009000000006
v 0.36908542999999999 0.25002769000000002 0.071239009000000006
v 0.40963983999999998 0.25002769000000002 -0.063759758999999999
v 0.40963983999999998 0.25002769000000002 -0.063759758999999999
v 0.40963983999999998 0.25002769000000002 -0.063759758999999999
v 0.34104505000000002 0.25002769000000002 0.055049896000000001
v 0.34104505000000002 0.25002769000000002 0.055049896000000001
v 0.34104505000000002 0.25002769000000002 0.055049896000000001
v 0.43768021000000001 0.25002769000000002 -0.047570646000000001
v 0.43768021000000001 0.25002769000000002 -0.047570646000000001
v 0.43768021000000001 0.25002769000000002 -0.047570646000000001
v 0.34104505000000002 0.28240594000000002 0.055049896000000001
v 0.34104505000000002 0.28240594000000002 0.055049896000000001
v 0.34104505000000002 0.28240594000000002 0.055049896000000001
v 0.43768021000000001 0.28240594000000002 -0.047570646000000001
v 0.43768021000000001 0.28240594000000002 -0.047570646000000001
v 0.43768021000000001 0.28240594000000002 -0.047570646000000001
v 0.36908542999999999 0.28240594000000002 0.071239009000000006
v 0.36908542999999999 0.28240594000000002 0.071239009000000006
v 0.36908542999999999 0.28240594000000002 0.071239009000000006
v 0.40963983999999998 0.28240594000000002 -0.063759758999999999
v 0.40963983999999998 0.28240594000000002 -0.063759758999999999
v 0.40963983999999998 0.28240594000000002 -0.063759758999999999
vn 0 1 0
vn -0.86602544784545898 0 -0.49999988079071045
vn 0.49999988079071045 0 -0.86602544784545898
vn 0 1 0
vn 0.86602544784545898 0 0.49999988079071045
vn -0.49999988079071045 0 0.86602544784545898
vn 0 1 0
vn 0.86602544784545898 0 0.49999988079071045
vn 0.49999988079071045 0 -0.86602544784545898
vn 0 1 0
vn -0.86602544784545898 0 -0.49999988079071045
vn -0.49999988079071045 0 0.86602544784545898
vn 0 -1 0
vn 0.86602544784545898 0 0.49999988079071045
vn 0.49999988079071045 0 -0.86602544784545898
vn 0 -1 0
vn -0.86602544784545898 0 -0.49999988079071045
vn -0.49999988079071045 0 0.86602544784545898
vn 0 -1 0
vn -0.86602544784545898 0 -0.49999988079071045
vn 0.49999988079071045 0 -0.86602544784545898
vn 0 -1 0
vn 0.86602544784545898 0 0.49999988079071045
vn -0.49999988079071045 0 0.86602544784545898
f 1//1 7//7 4//4
f 1//1 4//4 10//10
f 13//13 19//19 16//16
f 13//13 16//16 22//22
f 20//20 2//2 11//11
f 20//20 11//11 17//17
f 8//8 14//14 23//23
f 8//8 23//23 5//5
f 9//9 3//3 21//21
f 9//9 21//21 15//15
f 24//24 18//18 12//12
f 24//24 12//12 6//6
usemtl diffuse_0
v -0.10130475 0.25002772000000001 0.13983954000000001
v -0.10130475 0.25002772000000001 0.13983954000000001
v -0.10130475 0.25002772000000001 0.13983954000000001
v 0.25050956000000002 0.25002772000000001 0.10746116
v 0.25050956000000002 0.25002772000000001 0.10746116
v 0.25050956000000002 0.25002772000000001 0.10746116
v -0.10130478 0.25002772000000001 0.10746132999999999
v -0.10130478 0.25002772000000001 0.10746132999999999
v -0.10130478 0.25002772000000001 0.10746132999999999
v 0.25050961999999999 0.25002772000000001 0.13983938000000001
v 0.25050961999999999 0.25002772000000001 0.13983938000000001
v 0.25050961999999999 0.25002772000000001 0.13983938000000001
v -0.10130478 0.28240590999999998 0.10746132999999999
v -0.10130478 0.28240590999999998 0.10746132999999999
v -0.10130478 0.28240590999999998 0.10746132999999999
v 0.25050961999999999 0.28240590999999998 0.13983938000000001
v 0.25050961999999999 0.28240590999999998 0.13983938000000001
v 0.25050961999999999 0.28240590999999998 0.13983938000000001
v -0.10130475 0.28240590999999998 0.13983954000000001
v -0.10130475 0.28240590999999998 0.13983954000000001
v -0.10130475 0.28240590999999998 0.13983954000000001
v 0.25050956000000002 0.28240590999999998 0.10746116
v 0.25050956000000002 0.28240590999999998 0.10746116
v 0.25050956000000002 0.28240590999999998 0.10746116
vn 0 1 0
vn -4.7683721504654386E-07 0 -1
vn 1 0 -4.7683721504654386E-07
vn 0 1 0
vn 4.7683721504654386E-07 0 1
vn -1 0 4.7683721504654386E-07
vn 0 1 0
vn 4.7683721504654386E-07 0 1
vn 1 0 -4.7683721504654386E-07
vn 0 1 0
vn -4.7683721504654386E-07 0 -1
vn -1 0 4.7683721504654386E-07
vn 0 -1 0
vn 4.7683721504654386E-07 0 1
vn 1 0 -4.7683721504654386E-07
vn 0 -1 0
vn -4.7683721504654386E-07 0 -1
vn -1 0 4.7683721504654386E-07
vn 0 -1 0
vn -4.7683721504654386E-07 0 -1
vn 1 0 -4.7683721504654386E-07
vn 0 -1 0
vn 4.7683721504654386E-07 0 1
vn -1 0 4.7683721504654386E-07
f 25//25 31//31 28//28
f 25//25 28//28 34//34
f 37//37 43//43 40//40
f 37//37 40//40 46//46
f 44//44 26//26 35//35
f 44//44 35//35 41//41
f 32//32 38//38 47//47
f 32//32 47//47 29//29
f 33//33 27//27 45//45
f 33//33 45//45 39//39
f 48//48 42//42 36//36
f 48//48 36//36 30//30
usemtl diffuse_0
v 0.25024744999999998 0.25002772000000001 0.13994095000000001
v 0.25024744999999998 0.25002772000000001 0.13994095000000001
v 0.25024744999999998 0.25002772000000001 0.13994095000000001
v 0.35286781 0.25002772000000001 0.043305787999999998
v 0.35286781 0.25002772000000001 0.043305787999999998
v 0.35286781 0.25002772000000001 0.043305787999999998
v 0.23405830999999999 0.25002772000000001 0.11190057
v 0.23405830999999999 0.25002772000000001 0.11190057
v 0.23405830999999999 0.25002772000000001 0.11190057
v 0.36905694 0.25002772000000001 0.071346164000000004
v 0.36905694 0.25002772000000001 0.071346164000000004
v 0.36905694 0.25002772000000001 0.071346164000000004
v 0.23405830999999999 0.28240590999999998 0.11190057
v 0.23405830999999999 0.28240590999999998 0.11190057
v 0.23405830999999999 0.28240590999999998 0.11190057
v 0.36905694 0.28240590999999998 0.071346164000000004
v 0.36905694 0.28240590999999998 0.071346164000000004
v 0.36905694 0.28240590999999998 0.071346164000000004
v 0.25024744999999998 0.28240590999999998 0.13994095000000001
v 0.25024744999999998 0.28240590999999998 0.13994095000000001
v 0.25024744999999998 0.28240590999999998 0.13994095000000001
v 0.35286781 0.28240590999999998 0.043305787999999998
v 0.35286781 0.28240590999999998 0.043305787999999998
v 0.35286781 0.28240590999999998 0.043305787999999998
vn 0 1 0
vn -0.50000035762786865 0 -0.86602520942687988
vn 0.86602514982223511 0 -0.50000041723251343
vn 0 1 0
vn 0.50000035762786865 0 0.86602520942687988
vn -0.86602514982223511 0 0.50000041723251343
vn 0 1 0
vn 0.50000035762786865 0 0.86602520942687988
vn 0.86602514982223511 0 -0.50000041723251343
vn 0 1 0
vn -0.50000035762786865 0 -0.86602520942687988
vn -0.86602514982223511 0 0.50000041723251343
vn 0 -1 0
vn 0.50000035762786865 0 0.86602520942687988
vn 0.86602514982223511 0 -0.50000041723251343
vn 0 -1 0
vn -0.50000035762786865 0 -0.86602520942687988
vn -0.86602514982223511 0 0.50000041723251343
vn 0 -1 0
vn -0.50000035762786865 0 -0.86602520942687988
vn 0.86602514982223511 0 -0.50000041723251343
vn 0 -1 0
vn 0.50000035762786865 0 0.86602520942687988
vn -0.86602514982223511 0 0.50000041723251343
f 49//49 55//55 52//52
f 49//49 52//52 58//58
f 61//61 67//67 64//64
f 61//61 64//64 70//70
f 68//68 50//50 59//59
f 68//68 59//59 65//65
f 56//56 62//62 71//71
f 56//56 71//71 53//53
f 57//57 51//51 69//69
f 57//57 69//69 63//63
f 72//72 66//66 60//60
f 72//72 60//60 54//54
usemtl diffuse_0
v 0.40404630000000002 0.25002772000000001 -0.40106850999999999
v 0.40404630000000002 0.25002772000000001 -0.40106850999999999
v 0.40404630000000002 0.25002772000000001 -0.40106850999999999
v 0.30993568999999999 0.25002769000000002 -0.26116812
v 0.30993568999999999 0.25002769000000002 -0.26116812
v 0.30993568999999999 0.25002769000000002 -0.26116812
v 0.42694113 0.25002769000000002 -0.37817371
v 0.42694113 0.25002769000000002 -0.37817371
v 0.42694113 0.25002769000000002 -0.37817371
v 0.28704083000000002 0.25002772000000001 -0.28406292
v 0.28704083000000002 0.25002772000000001 -0.28406292
v 0.28704083000000002 0.25002772000000001 -0.28406292
v 0.42694115999999999 0.28240590999999998 -0.37817371
v 0.42694115999999999 0.28240590999999998 -0.37817371
v 0.42694115999999999 0.28240590999999998 -0.37817371
v 0.28704086000000001 0.28240594000000002 -0.28406292
v 0.28704086000000001 0.28240594000000002 -0.28406292
v 0.28704086000000001 0.28240594000000002 -0.28406292
v 0.40404630000000002 0.28240594000000002 -0.40106850999999999
v 0.40404630000000002 0.28240594000000002 -0.40106850999999999
v 0.40404630000000002 0.28240594000000002 -0.40106850999999999
v 0.30993568999999999 0.28240590999999998 -0.26116812
v 0.30993568999999999 0.28240590999999998 -0.26116812
v 0.30993568999999999 0.28240590999999998 -0.26116812
vt 0.0020139291882514954 0.1039043664932251
vt 0.35202485322952271 0.00014793872833251953
vt 0.0020139291882514954 0.1039043664932251
vt 0.079500004649162292 0.97908806800842285
vt 0.079500004649162292 0.97908806800842285
vt 0.26659959554672241 0.99985206127166748
vt 0.072338707745075226 0.13226455450057983
vt 0.072338707745075226 0.13226455450057983
vt 0.072338707745075226 0.13226455450057983
vt 9.9919736385345459E-05 0.98524510860443115
vt 0.3655514121055603 0.945931077003479
vt 0.3655514121055603 0.945931077003479
vt 0.17234587669372559 0.0086387395858764648
vt 0.17102923989295959 0.093860149383544922
vt 0.17102923989295959 0.093860149383544922
vt 0.27388590574264526 0.86037516593933105
vt 0.27388590574264526 0.86037516593933105
vt 0.27388590574264526 0.86037516593933105
vt 0.27960538864135742 0.008059382438659668
vt 0.27960538864135742 0.008059382438659668
vt 0.06557387113571167 0.054852604866027832
vt 0.18888366222381592 0.91821271181106567
vt 0.17887318134307861 0.97785639762878418
vt 0.18888366222381592 0.91821271181106567
vn 3.3717435599101009E-07 1 3.3717472547323268E-07
vn 0.70710724592208862 -4.7683681714261184E-07 0.70710635185241699
vn -0.70710641145706177 0 0.70710712671279907
vn 3.3717435599101009E-07 1 3.3717472547323268E-07
vn -0.70710724592208862 4.7683681714261184E-07 -0.70710635185241699
vn 0.70710641145706177 0 -0.70710712671279907
vn 3.3717435599101009E-07 1 3.3717472547323268E-07
vn -0.70710724592208862 4.7683681714261184E-07 -0.70710635185241699
vn -0.70710641145706177 0 0.70710712671279907
vn 3.3717435599101009E-07 1 3.3717472547323268E-07
vn 0.70710724592208862 -4.7683681714261184E-07 0.70710635185241699
vn 0.70710641145706177 0 -0.70710712671279907
vn -3.3717435599101009E-07 -1 -3.3717472547323268E-07
vn -0.70710724592208862 4.7683681714261184E-07 -0.70710635185241699
vn -0.70710641145706177 0 0.70710712671279907
vn -3.3717435599101009E-07 -1 -3.3717472547323268E-07
vn 0.70710724592208862 -4.7683681714261184E-07 0.70710635185241699
vn 0.70710641145706177 0 -0.70710712671279907
vn -3.3717435599101009E-07 -1 -3.3717472547323268E-07
vn 0.70710724592208862 -4.7683681714261184E-07 0.70710635185241699
vn -0.70710641145706177 0 0.70710712671279907
vn -3.3717435599101009E-07 -1 -3.3717472547323268E-07
vn -0.70710724592208862 4.7683681714261184E-07 -0.70710635185241699
vn 0.70710641145706177 0 -0.70710712671279907
f 73/1/73 79/7/79 76/4/76
f 73/1/73 76/4/76 82/10/82
f 85/13/85 91/19/91 88/16/88
f 85/13/85 88/16/88 94/22/94
f 92/20/92 74/2/74 83/11/83
f 92/20/92 83/11/83 89/17/89
f 80/8/80 86/14/86 95/23/95
f 80/8/80 95/23/95 77/5/77
f 81/9/81 75/3/75 93/21/93
f 81/9/81 93/21/93 87/15/87
f 96/24/96 90/18/90 84/12/84
f 96/24/96 84/12/84 78/6/78
usemtl diffuse_0
v 0.41399580000000002 0.25002772000000001 -0.37807399000000003
v 0.41399580000000002 0.25002772000000001 -0.37807399000000003
v 0.41399580000000002 0.25002772000000001 -0.37807399000000003
v 0.55389595000000003 0.25002772000000001 -0.28396337999999999
v 0.55389595000000003 0.25002772000000001 -0.28396337999999999
v 0.55389595000000003 0.25002772000000001 -0.28396337999999999
v 0.43689063 0.25002772000000001 -0.40096879000000002
v 0.43689063 0.25002772000000001 -0.40096879000000002
v 0.43689063 0.25002772000000001 -0.40096879000000002
v 0.53100108999999995 0.25002772000000001 -0.26106857999999999
v 0.53100108999999995 0.25002772000000001 -0.26106857999999999
v 0.53100108999999995 0.25002772000000001 -0.26106857999999999
v 0.43689063 0.28240590999999998 -0.40096879000000002
v 0.43689063 0.28240590999999998 -0.40096879000000002
v 0.43689063 0.28240590999999998 -0.40096879000000002
v 0.53100108999999995 0.28240590999999998 -0.26106857999999999
v 0.53100108999999995 0.28240590999999998 -0.26106857999999999
v 0.53100108999999995 0.28240590999999998 -0.26106857999999999
v 0.41399580000000002 0.28240590999999998 -0.37807399000000003
v 0.41399580000000002 0.28240590999999998 -0.37807399000000003
v 0.41399580000000002 0.28240590999999998 -0.37807399000000003
v 0.55389595000000003 0.28240590999999998 -0.28396337999999999
v 0.55389595000000003 0.28240590999999998 -0.28396337999999999
v 0.55389595000000003 0.28240590999999998 -0.28396337999999999
vt 0.0020139291882514954 0.1039043664932251
vt 0.35202485322952271 0.00014793872833251953
vt 0.0020139291882514954 0.1039043664932251
vt 0.079500004649162292 0.97908806800842285
vt 0.079500004649162292 0.97908806800842285
vt 0.26659959554672241 0.99985206127166748
vt 0.072338707745075226 0.13226455450057983
vt 0.072338707745075226 0.13226455450057983
vt 0.072338707745075226 0.13226455450057983
vt 9.9919736385345459E-05 0.98524510860443115
vt 0.3655514121055603 0.945931077003479
vt 0.3655514121055603 0.945931077003479
vt 0.17234587669372559 0.0086387395858764648
vt 0.17102923989295959 0.093860149383544922
vt 0.17102923989295959 0.093860149383544922
vt 0.27388590574264526 0.86037516593933105
vt 0.27388590574264526 0.86037516593933105
vt 0.27388590574264526 0.86037516593933105
vt 0.27960538864135742 0.008059382438659668
vt 0.27960538864135742 0.008059382438659668
vt 0.06557387113571167 0.054852604866027832
vt 0.18888366222381592 0.91821271181106567
vt 0.17887318134307861 0.97785639762878418
vt 0.18888366222381592 0.91821271181106567
vn 0 1 0
vn 0.7071070671081543 0 -0.70710647106170654
vn 0.70710647106170654 0 0.70710712671279907
vn 0 1 0
vn -0.7071070671081543 0 0.70710647106170654
vn -0.70710647106170654 0 -0.70710712671279907
vn 0 1 0
vn -0.7071070671081543 0 0.70710647106170654
vn 0.70710647106170654 0 0.70710712671279907
vn 0 1 0
vn 0.7071070671081543 0 -0.70710647106170654
vn -0.70710647106170654 0 -0.70710712671279907
vn 0 -1 0
vn -0.7071070671081543 0 0.70710647106170654
vn 0.70710647106170654 0 0.70710712671279907
vn 0 -1 0
vn 0.7071070671081543 0 -0.70710647106170654
vn -0.70710647106170654 0 -0.70710712671279907
vn 0 -1 0
vn 0.7071070671081543 0 -0.70710647106170654
vn 0.70710647106170654 0 0.70710712671279907
vn 0 -1 0
vn -0.7071070671081543 0 0.70710647106170654
vn -0.70710647106170654 0 -0.70710712671279907
f 97/25/97 103/31/103 100/28/100
f 97/25/97 100/28/100 106/34/106
f 109/37/109 115/43/115 112/40/112
f 109/37/109 112/40/112 118/46/118
f 116/44/116 98/26/98 107/35/107
f 116/44/116 107/35/107 113/41/113
f 104/32/104 110/38/110 119/47/119
f 104/32/104 119/47/119 101/29/101
f 105/33/105 99/27/99 117/45/117
f 105/33/105 117/45/117 111/39/111
f 120/48/120 114/42/114 108/36/108
f 120/48/120 108/36/108 102/30/102
usemtl diffuse_0
v 0.43738279000000002 0.25002772000000001 -0.047223568
v 0.43738279000000002 0.25002772000000001 -0.047223568
v 0.43738279000000002 0.25002772000000001 -0.047223568
v 0.40500447000000001 0.25002772000000001 -0.40109043999999999
v 0.40500447000000001 0.25002772000000001 -0.40109043999999999
v 0.40500447000000001 0.25002772000000001 -0.40109043999999999
v 0.40500461999999998 0.25002772000000001 -0.047223568
v 0.40500461999999998 0.25002772000000001 -0.047223568
v 0.40500461999999998 0.25002772000000001 -0.047223568
v 0.43738263999999999 0.25002772000000001 -0.40109043999999999
v 0.43738263999999999 0.25002772000000001 -0.40109043999999999
v 0.43738263999999999 0.25002772000000001 -0.40109043999999999
v 0.40500461999999998 0.28240590999999998 -0.047223568
v 0.40500461999999998 0.28240590999999998 -0.047223568
v 0.40500461999999998 0.28240590999999998 -0.047223568
v 0.43738263999999999 0.28240590999999998 -0.40109043999999999
v 0.43738263999999999 0.28240590999999998 -0.40109043999999999
v 0.43738263999999999 0.28240590999999998 -0.40109043999999999
v 0.43738279000000002 0.28240590999999998 -0.047223568
v 0.43738279000000002 0.28240590999999998 -0.047223568
v 0.43738279000000002 0.28240590999999998 -0.047223568
v 0.40500447000000001 0.28240590999999998 -0.40109043999999999
v 0.40500447000000001 0.28240590999999998 -0.40109043999999999
v 0.40500447000000001 0.28240590999999998 -0.40109043999999999
vn 0 1 0
vn -1 0 4.1723251342773438E-07
vn -4.1723251342773438E-07 0 -1
vn 0 1 0
vn 1 0 -4.1723251342773438E-07
vn 4.1723251342773438E-07 0 1
vn 0 1 0
vn 1 0 -4.1723251342773438E-07
vn -4.1723251342773438E-07 0 -1
vn 0 1 0
vn -1 0 4.1723251342773438E-07
vn 4.1723251342773438E-07 0 1
vn 0 -1 0
vn 1 0 -4.1723251342773438E-07
vn -4.1723251342773438E-07 0 -1
vn 0 -1 0
vn -1 0 4.1723251342773438E-07
vn 4.1723251342773438E-07 0 1
vn 0 -1 0
vn -1 0 4.1723251342773438E-07
vn -4.1723251342773438E-07 0 -1
vn 0 -1 0
vn 1 0 -4.1723251342773438E-07
vn 4.1723251342773438E-07 0 1
f 121//121 127//127 124//124
f 121//121 124//124 130//130
f 133//133 139//139 136//136
f 133//133 136//136 142//142
f 140//140 122//122 131//131
f 140//140 131//131 137//137
f 128//128 134//134 143//143
f 128//128 143//143 125//125
f 129//129 123//123 141//141
f 129//129 141//141 135//135
f 144//144 138//138 132//132
f 144//144 132//132 126//126
