# Rhino

mtllib arrow.mtl
usemtl diffuse_0
v 0.25290793 0.25002772000000001 -0.18178521
v 0.25290793 0.25002772000000001 -0.18178521
v 0.25290793 0.25002772000000001 -0.18178521
v 0.11300743000000001 0.25002769000000002 -0.087674505999999999
v 0.11300743000000001 0.25002769000000002 -0.087674505999999999
v 0.11300743000000001 0.25002769000000002 -0.087674505999999999
v 0.23001309 0.25002769000000002 -0.20468006999999999
v 0.23001309 0.25002769000000002 -0.20468006999999999
v 0.23001309 0.25002769000000002 -0.20468006999999999
v 0.13590226999999999 0.25002772000000001 -0.064779639
v 0.13590226999999999 0.25002772000000001 -0.064779639
v 0.13590226999999999 0.25002772000000001 -0.064779639
v 0.23001309 0.28240590999999998 -0.20468009000000001
v 0.23001309 0.28240590999999998 -0.20468009000000001
v 0.23001309 0.28240590999999998 -0.20468009000000001
v 0.13590226999999999 0.28240594000000002 -0.064779654000000006
v 0.13590226999999999 0.28240594000000002 -0.064779654000000006
v 0.13590226999999999 0.28240594000000002 -0.064779654000000006
v 0.25290793 0.28240594000000002 -0.18178522999999999
v 0.25290793 0.28240594000000002 -0.18178522999999999
v 0.25290793 0.28240594000000002 -0.18178522999999999
v 0.11300742 0.28240590999999998 -0.087674512999999996
v 0.11300742 0.28240590999999998 -0.087674512999999996
v 0.11300742 0.28240590999999998 -0.087674512999999996
vt 0.0020139291882514954 0.1039043664932251
vt 0.35202485322952271 0.00014793872833251953
vt 0.0020139291882514954 0.1039043664932251
vt 0.079500004649162292 0.97908806800842285
vt 0.079500004649162292 0.97908806800842285
vt 0.26659959554672241 0.99985206127166748
vt 0.072338707745075226 0.13226455450057983
vt 0.072338707745075226 0.13226455450057983
vt 0.072338707745075226 0.13226455450057983
vt 9.9919736385345459E-05 0.98524510860443115
vt 0.3655514121055603 0.945931077003479
vt 0.3655514121055603 0.945931077003479
vt 0.17234587669372559 0.0086387395858764648
vt 0.17102923989295959 0.093860149383544922
vt 0.17102923989295959 0.093860149383544922
vt 0.27388590574264526 0.86037516593933105
vt 0.27388590574264526 0.86037516593933105
vt 0.27388590574264526 0.86037516593933105
vt 0.27960538864135742 0.008059382438659668
vt 0.27960538864135742 0.008059382438659668
vt 0.06557387113571167 0.054852604866027832
vt 0.18888366222381592 0.91821271181106567
vt 0.17887318134307861 0.97785639762878418
vt 0.18888366222381592 0.91821271181106567
vn 3.3717452652126667E-07 -1 3.3717481073836097E-07
vn 0.70710647106170654 4.7683701609457785E-07 0.7071070671081543
vn 0.7071070671081543 0 -0.70710647106170654
vn 3.3717452652126667E-07 -1 3.3717481073836097E-07
vn -0.70710647106170654 -4.7683701609457785E-07 -0.7071070671081543
vn -0.7071070671081543 0 0.70710647106170654
vn 3.3717452652126667E-07 -1 3.3717481073836097E-07
vn -0.70710647106170654 -4.7683701609457785E-07 -0.7071070671081543
vn 0.7071070671081543 0 -0.70710647106170654
vn 3.3717452652126667E-07 -1 3.3717481073836097E-07
vn 0.70710647106170654 4.7683701609457785E-07 0.7071070671081543
vn -0.7071070671081543 0 0.70710647106170654
vn -3.3717452652126667E-07 1 -3.3717481073836097E-07
vn -0.70710647106170654 -4.7683701609457785E-07 -0.7071070671081543
vn 0.7071070671081543 0 -0.70710647106170654
vn -3.3717452652126667E-07 1 -3.3717481073836097E-07
vn 0.70710647106170654 4.7683701609457785E-07 0.7071070671081543
vn -0.7071070671081543 0 0.70710647106170654
vn -3.3717452652126667E-07 1 -3.3717481073836097E-07
vn 0.70710647106170654 4.7683701609457785E-07 0.7071070671081543
vn 0.7071070671081543 0 -0.70710647106170654
vn -3.3717452652126667E-07 1 -3.3717481073836097E-07
vn -0.70710647106170654 -4.7683701609457785E-07 -0.7071070671081543
vn -0.7071070671081543 0 0.70710647106170654
f 1/1/1 4/4/4 7/7/7
f 1/1/1 10/10/10 4/4/4
f 13/13/13 16/16/16 19/19/19
f 13/13/13 22/22/22 16/16/16
f 20/20/20 11/11/11 2/2/2
f 20/20/20 17/17/17 11/11/11
f 8/8/8 23/23/23 14/14/14
f 8/8/8 5/5/5 23/23/23
f 9/9/9 21/21/21 3/3/3
f 9/9/9 15/15/15 21/21/21
f 24/24/24 12/12/12 18/18/18
f 24/24/24 6/6/6 12/12/12
usemtl diffuse_0
v 0.22991334999999999 0.25002772000000001 -0.19173475000000001
v 0.22991334999999999 0.25002772000000001 -0.19173475000000001
v 0.22991334999999999 0.25002772000000001 -0.19173475000000001
v 0.13580257000000001 0.25002772000000001 -0.33163524
v 0.13580257000000001 0.25002772000000001 -0.33163524
v 0.13580257000000001 0.25002772000000001 -0.33163524
v 0.25280820999999998 0.25002772000000001 -0.21462961
v 0.25280820999999998 0.25002772000000001 -0.21462961
v 0.25280820999999998 0.25002772000000001 -0.21462961
v 0.11290770999999999 0.25002772000000001 -0.30874037999999998
v 0.11290770999999999 0.25002772000000001 -0.30874037999999998
v 0.11290770999999999 0.25002772000000001 -0.30874037999999998
v 0.25280820999999998 0.28240590999999998 -0.21462961
v 0.25280820999999998 0.28240590999999998 -0.21462961
v 0.25280820999999998 0.28240590999999998 -0.21462961
v 0.11290770999999999 0.28240590999999998 -0.30874037999999998
v 0.11290770999999999 0.28240590999999998 -0.30874037999999998
v 0.11290770999999999 0.28240590999999998 -0.30874037999999998
v 0.22991334999999999 0.28240590999999998 -0.19173475000000001
v 0.22991334999999999 0.28240590999999998 -0.19173475000000001
v 0.22991334999999999 0.28240590999999998 -0.19173475000000001
v 0.13580257000000001 0.28240590999999998 -0.33163524
v 0.13580257000000001 0.28240590999999998 -0.33163524
v 0.13580257000000001 0.28240590999999998 -0.33163524
vt 0.0020139291882514954 0.1039043664932251
vt 0.35202485322952271 0.00014793872833251953
vt 0.0020139291882514954 0.1039043664932251
vt 0.079500004649162292 0.97908806800842285
vt 0.079500004649162292 0.97908806800842285
vt 0.26659959554672241 0.99985206127166748
vt 0.072338707745075226 0.13226455450057983
vt 0.072338707745075226 0.13226455450057983
vt 0.072338707745075226 0.13226455450057983
vt 9.9919736385345459E-05 0.98524510860443115
vt 0.3655514121055603 0.945931077003479
vt 0.3655514121055603 0.945931077003479
vt 0.17234587669372559 0.0086387395858764648
vt 0.17102923989295959 0.093860149383544922
vt 0.17102923989295959 0.093860149383544922
vt 0.27388590574264526 0.86037516593933105
vt 0.27388590574264526 0.86037516593933105
vt 0.27388590574264526 0.86037516593933105
vt 0.27960538864135742 0.008059382438659668
vt 0.27960538864135742 0.008059382438659668
vt 0.06557387113571167 0.054852604866027832
vt 0.18888366222381592 0.91821271181106567
vt 0.17887318134307861 0.97785639762878418
vt 0.18888366222381592 0.91821271181106567
vn 0 -1 0
vn -0.70710670948028564 0 0.7071068286895752
vn 0.7071068286895752 0 0.70710670948028564
vn 0 -1 0
vn 0.70710670948028564 0 -0.7071068286895752
vn -0.7071068286895752 0 -0.70710670948028564
vn 0 -1 0
vn 0.70710670948028564 0 -0.7071068286895752
vn 0.7071068286895752 0 0.70710670948028564
vn 0 -1 0
vn -0.70710670948028564 0 0.7071068286895752
vn -0.7071068286895752 0 -0.70710670948028564
vn 0 1 0
vn 0.70710670948028564 0 -0.7071068286895752
vn 0.7071068286895752 0 0.70710670948028564
vn 0 1 0
vn -0.70710670948028564 0 0.7071068286895752
vn -0.7071068286895752 0 -0.70710670948028564
vn 0 1 0
vn -0.70710670948028564 0 0.7071068286895752
vn 0.7071068286895752 0 0.70710670948028564
vn 0 1 0
vn 0.70710670948028564 0 -0.7071068286895752
vn -0.7071068286895752 0 -0.70710670948028564
f 25/25/25 28/28/28 31/31/31
f 25/25/25 34/34/34 28/28/28
f 37/37/37 40/40/40 43/43/43
f 37/37/37 46/46/46 40/40/40
f 44/44/44 35/35/35 26/26/26
f 44/44/44 41/41/41 35/35/35
f 32/32/32 47/47/47 38/38/38
f 32/32/32 29/29/29 47/47/47
f 33/33/33 45/45/45 27/27/27
f 33/33/33 39/39/39 45/45/45
f 48/48/48 36/36/36 42/42/42
f 48/48/48 30/30/30 36/36/36
usemtl diffuse_0
v -0.22236908999999999 0.25002772000000001 -0.2151593
v -0.22236908999999999 0.25002772000000001 -0.2151593
v -0.22236908999999999 0.25002772000000001 -0.2151593
v 0.25330749000000002 0.25002772000000001 -0.18278092000000001
v 0.25330749000000002 0.25002772000000001 -0.18278092000000001
v 0.25330749000000002 0.25002772000000001 -0.18278092000000001
v -0.22236908999999999 0.25002772000000001 -0.18278109000000001
v -0.22236908999999999 0.25002772000000001 -0.18278109000000001
v -0.22236908999999999 0.25002772000000001 -0.18278109000000001
v 0.25330749000000002 0.25002772000000001 -0.21515913
v 0.25330749000000002 0.25002772000000001 -0.21515913
v 0.25330749000000002 0.25002772000000001 -0.21515913
v -0.22236908999999999 0.28240590999999998 -0.18278109000000001
v -0.22236908999999999 0.28240590999999998 -0.18278109000000001
v -0.22236908999999999 0.28240590999999998 -0.18278109000000001
v 0.25330749000000002 0.28240590999999998 -0.21515913
v 0.25330749000000002 0.28240590999999998 -0.21515913
v 0.25330749000000002 0.28240590999999998 -0.21515913
v -0.22236908999999999 0.28240590999999998 -0.2151593
v -0.22236908999999999 0.28240590999999998 -0.2151593
v -0.22236908999999999 0.28240590999999998 -0.2151593
v 0.25330749000000002 0.28240590999999998 -0.18278092000000001
v 0.25330749000000002 0.28240590999999998 -0.18278092000000001
v 0.25330749000000002 0.28240590999999998 -0.18278092000000001
vn 0 -1 0
vn 3.5762789707405318E-07 0 -1
vn -1 0 -3.5762792549576261E-07
vn 0 -1 0
vn -3.5762789707405318E-07 0 1
vn 1 0 3.5762792549576261E-07
vn 0 -1 0
vn -3.5762789707405318E-07 0 1
vn -1 0 -3.5762792549576261E-07
vn 0 -1 0
vn 3.5762789707405318E-07 0 -1
vn 1 0 3.5762792549576261E-07
vn 0 1 0
vn -3.5762789707405318E-07 0 1
vn -1 0 -3.5762792549576261E-07
vn 0 1 0
vn 3.5762789707405318E-07 0 -1
vn 1 0 3.5762792549576261E-07
vn 0 1 0
vn 3.5762789707405318E-07 0 -1
vn -1 0 -3.5762792549576261E-07
vn 0 1 0
vn -3.5762789707405318E-07 0 1
vn 1 0 3.5762792549576261E-07
f 49//49 52//52 55//55
f 49//49 58//58 52//52
f 61//61 64//64 67//67
f 61//61 70//70 64//64
f 68//68 59//59 50//50
f 68//68 65//65 59//59
f 56//56 71//71 62//62
f 56//56 53//53 71//71
f 57//57 69//69 51//51
f 57//57 63//63 69//69
f 72//72 60//60 66//66
f 72//72 54//54 60//60
