# Rhino

mtllib obtuse.mtl
usemtl diffuse_0
v -0.18382915999999999 0.25002772000000001 0.038431566
v -0.18382915999999999 0.25002772000000001 0.038431566
v -0.18382915999999999 0.25002772000000001 0.038431566
v 0.19487640000000001 0.25002772000000001 0.070809795999999994
v 0.19487640000000001 0.25002772000000001 0.070809795999999994
v 0.19487640000000001 0.25002772000000001 0.070809795999999994
v -0.18382915999999999 0.25002772000000001 0.070809782000000002
v -0.18382915999999999 0.25002772000000001 0.070809782000000002
v -0.18382915999999999 0.25002772000000001 0.070809782000000002
v 0.19487640000000001 0.25002772000000001 0.038431589000000002
v 0.19487640000000001 0.25002772000000001 0.038431589000000002
v 0.19487640000000001 0.25002772000000001 0.038431589000000002
v -0.18382915999999999 0.28240590999999998 0.070809782000000002
v -0.18382915999999999 0.28240590999999998 0.070809782000000002
v -0.18382915999999999 0.28240590999999998 0.070809782000000002
v 0.19487640000000001 0.28240590999999998 0.038431589000000002
v 0.19487640000000001 0.28240590999999998 0.038431589000000002
v 0.19487640000000001 0.28240590999999998 0.038431589000000002
v -0.18382915999999999 0.28240590999999998 0.038431566
v -0.18382915999999999 0.28240590999999998 0.038431566
v -0.18382915999999999 0.28240590999999998 0.038431566
v 0.19487640000000001 0.28240590999999998 0.070809795999999994
v 0.19487640000000001 0.28240590999999998 0.070809795999999994
v 0.19487640000000001 0.28240590999999998 0.070809795999999994
vn 0 -1 0
vn 5.9604651880817983E-08 0 -1
vn -1 0 -5.9604651880817983E-08
vn 0 -1 0
vn -5.9604651880817983E-08 0 1
vn 1 0 5.9604651880817983E-08
vn 0 -1 0
vn -5.9604651880817983E-08 0 1
vn -1 0 -5.9604651880817983E-08
vn 0 -1 0
vn 5.9604651880817983E-08 0 -1
vn 1 0 5.9604651880817983E-08
vn 0 1 0
vn -5.9604651880817983E-08 0 1
vn -1 0 -5.9604651880817983E-08
vn 0 1 0
vn 5.9604651880817983E-08 0 -1
vn 1 0 5.9604651880817983E-08
vn 0 1 0
vn 5.9604651880817983E-08 0 -1
vn -1 0 -5.9604651880817983E-08
vn 0 1 0
vn -5.9604651880817983E-08 0 1
vn 1 0 5.9604651880817983E-08
f 1//1 4//4 7//7
f 1//1 10//10 4//4
f 13//13 16//16 19//19
f 13//13 22//22 16//16
f 20//20 11//11 2//2
f 20//20 17//17 11//11
f 8//8 23//23 14//14
f 8//8 5//5 23//23
f 9//9 21//21 3//3
f 9//9 15//15 21//21
f 24//24 12//12 18//18
f 24//24 6//6 12//12
usemtl diffuse_0
v 0.53170304999999995 0.25002772000000001 -0.26462661999999998
v 0.53170304999999995 0.25002772000000001 -0.26462661999999998
v 0.53170304999999995 0.25002772000000001 -0.26462661999999998
v 0.49932485999999998 0.25002769000000002 -0.099155701999999998
v 0.49932485999999998 0.25002769000000002 -0.099155701999999998
v 0.49932485999999998 0.25002769000000002 -0.099155701999999998
v 0.49932485999999998 0.25002769000000002 -0.26462661999999998
v 0.49932485999999998 0.25002769000000002 -0.26462661999999998
v 0.49932485999999998 0.25002769000000002 -0.26462661999999998
v 0.53170304999999995 0.25002772000000001 -0.099155701999999998
v 0.53170304999999995 0.25002772000000001 -0.099155701999999998
v 0.53170304999999995 0.25002772000000001 -0.099155701999999998
v 0.49932485999999998 0.28240590999999998 -0.26462661999999998
v 0.49932485999999998 0.28240590999999998 -0.26462661999999998
v 0.49932485999999998 0.28240590999999998 -0.26462661999999998
v 0.53170304999999995 0.28240594000000002 -0.099155701999999998
v 0.53170304999999995 0.28240594000000002 -0.099155701999999998
v 0.53170304999999995 0.28240594000000002 -0.099155701999999998
v 0.53170304999999995 0.28240594000000002 -0.26462661999999998
v 0.53170304999999995 0.28240594000000002 -0.26462661999999998
v 0.53170304999999995 0.28240594000000002 -0.26462661999999998
v 0.49932485999999998 0.28240590999999998 -0.099155701999999998
v 0.49932485999999998 0.28240590999999998 -0.099155701999999998
v 0.49932485999999998 0.28240590999999998 -0.099155701999999998
vt 0.0020139291882514954 0.1039043664932251
vt 0.35202485322952271 0.00014793872833251953
vt 0.0020139291882514954 0.1039043664932251
vt 0.079500004649162292 0.97908806800842285
vt 0.079500004649162292 0.97908806800842285
vt 0.26659959554672241 0.99985206127166748
vt 0.072338707745075226 0.13226455450057983
vt 0.072338707745075226 0.13226455450057983
vt 0.072338707745075226 0.13226455450057983
vt 9.9919736385345459E-05 0.98524510860443115
vt 0.3655514121055603 0.945931077003479
vt 0.3655514121055603 0.945931077003479
vt 0.17234587669372559 0.0086387395858764648
vt 0.17102923989295959 0.093860149383544922
vt 0.17102923989295959 0.093860149383544922
vt 0.27388590574264526 0.86037516593933105
vt 0.27388590574264526 0.86037516593933105
vt 0.27388590574264526 0.86037516593933105
vt 0.27960538864135742 0.008059382438659668
vt 0.27960538864135742 0.008059382438659668
vt 0.06557387113571167 0.054852604866027832
vt 0.18888366222381592 0.91821271181106567
vt 0.17887318134307861 0.97785639762878418
vt 0.18888366222381592 0.91821271181106567
vn 4.7683710135970614E-07 -1 0
vn 1 4.7683710135970614E-07 0
vn 0 0 -1
vn 4.7683710135970614E-07 -1 0
vn -1 -4.7683710135970614E-07 0
vn 0 0 1
vn 4.7683710135970614E-07 -1 0
vn -1 -4.7683710135970614E-07 0
vn 0 0 -1
vn 4.7683710135970614E-07 -1 0
vn 1 4.7683710135970614E-07 0
vn 0 0 1
vn -4.7683710135970614E-07 1 0
vn -1 -4.7683710135970614E-07 0
vn 0 0 -1
vn -4.7683710135970614E-07 1 0
vn 1 4.7683710135970614E-07 0
vn 0 0 1
vn -4.7683710135970614E-07 1 0
vn 1 4.7683710135970614E-07 0
vn 0 0 -1
vn -4.7683710135970614E-07 1 0
vn -1 -4.7683710135970614E-07 0
vn 0 0 1
f 25/1/25 28/4/28 31/7/31
f 25/1/25 34/10/34 28/4/28
f 37/13/37 40/16/40 43/19/43
f 37/13/37 46/22/46 40/16/40
f 44/20/44 35/11/35 26/2/26
f 44/20/44 41/17/41 35/11/35
f 32/8/32 47/23/47 38/14/38
f 32/8/32 29/5/29 47/23/47
f 33/9/33 45/21/45 27/3/27
f 33/9/33 39/15/39 45/21/45
f 48/24/48 36/12/36 42/18/42
f 48/24/48 30/6/30 36/12/36
usemtl diffuse_0
v 0.50840819000000004 0.25002772000000001 -0.25540235999999999
v 0.50840819000000004 0.25002772000000001 -0.25540235999999999
v 0.50840819000000004 0.25002772000000001 -0.25540235999999999
v 0.34293722999999998 0.25002772000000001 -0.28778049
v 0.34293722999999998 0.25002772000000001 -0.28778049
v 0.34293722999999998 0.25002772000000001 -0.28778049
v 0.50840819000000004 0.25002772000000001 -0.28778055000000002
v 0.50840819000000004 0.25002772000000001 -0.28778055000000002
v 0.50840819000000004 0.25002772000000001 -0.28778055000000002
v 0.34293722999999998 0.25002772000000001 -0.25540230000000003
v 0.34293722999999998 0.25002772000000001 -0.25540230000000003
v 0.34293722999999998 0.25002772000000001 -0.25540230000000003
v 0.50840819000000004 0.28240590999999998 -0.28778055000000002
v 0.50840819000000004 0.28240590999999998 -0.28778055000000002
v 0.50840819000000004 0.28240590999999998 -0.28778055000000002
v 0.34293722999999998 0.28240590999999998 -0.25540230000000003
v 0.34293722999999998 0.28240590999999998 -0.25540230000000003
v 0.34293722999999998 0.28240590999999998 -0.25540230000000003
v 0.50840819000000004 0.28240590999999998 -0.25540235999999999
v 0.50840819000000004 0.28240590999999998 -0.25540235999999999
v 0.50840819000000004 0.28240590999999998 -0.25540235999999999
v 0.34293722999999998 0.28240590999999998 -0.28778049
v 0.34293722999999998 0.28240590999999998 -0.28778049
v 0.34293722999999998 0.28240590999999998 -0.28778049
vt 0.0020139291882514954 0.1039043664932251
vt 0.35202485322952271 0.00014793872833251953
vt 0.0020139291882514954 0.1039043664932251
vt 0.079500004649162292 0.97908806800842285
vt 0.079500004649162292 0.97908806800842285
vt 0.26659959554672241 0.99985206127166748
vt 0.072338707745075226 0.13226455450057983
vt 0.072338707745075226 0.13226455450057983
vt 0.072338707745075226 0.13226455450057983
vt 9.9919736385345459E-05 0.98524510860443115
vt 0.3655514121055603 0.945931077003479
vt 0.3655514121055603 0.945931077003479
vt 0.17234587669372559 0.0086387395858764648
vt 0.17102923989295959 0.093860149383544922
vt 0.17102923989295959 0.093860149383544922
vt 0.27388590574264526 0.86037516593933105
vt 0.27388590574264526 0.86037516593933105
vt 0.27388590574264526 0.86037516593933105
vt 0.27960538864135742 0.008059382438659668
vt 0.27960538864135742 0.008059382438659668
vt 0.06557387113571167 0.054852604866027832
vt 0.18888366222381592 0.91821271181106567
vt 0.17887318134307861 0.97785639762878418
vt 0.18888366222381592 0.91821271181106567
vn 0 -1 0
vn 3.5762786865234375E-07 0 1
vn 1 0 -3.5762786865234375E-07
vn 0 -1 0
vn -3.5762786865234375E-07 0 -1
vn -1 0 3.5762786865234375E-07
vn 0 -1 0
vn -3.5762786865234375E-07 0 -1
vn 1 0 -3.5762786865234375E-07
vn 0 -1 0
vn 3.5762786865234375E-07 0 1
vn -1 0 3.5762786865234375E-07
vn 0 1 0
vn -3.5762786865234375E-07 0 -1
vn 1 0 -3.5762786865234375E-07
vn 0 1 0
vn 3.5762786865234375E-07 0 1
vn -1 0 3.5762786865234375E-07
vn 0 1 0
vn 3.5762786865234375E-07 0 1
vn 1 0 -3.5762786865234375E-07
vn 0 1 0
vn -3.5762786865234375E-07 0 -1
vn -1 0 3.5762786865234375E-07
f 49/25/49 52/28/52 55/31/55
f 49/25/49 58/34/58 52/28/52
f 61/37/61 64/40/64 67/43/67
f 61/37/61 70/46/70 64/40/64
f 68/44/68 59/35/59 50/26/50
f 68/44/68 65/41/65 59/35/59
f 56/32/56 71/47/71 62/38/62
f 56/32/56 53/29/53 71/47/71
f 57/33/57 69/45/69 51/27/51
f 57/33/57 63/39/63 69/45/69
f 72/48/72 60/36/60 66/42/66
f 72/48/72 54/30/54 60/36/60
usemtl diffuse_0
v 0.17203251999999999 0.25002772000000001 0.047846145999999999
v 0.17203251999999999 0.25002772000000001 0.047846145999999999
v 0.17203251999999999 0.25002772000000001 0.047846145999999999
v 0.53128176999999999 0.25002772000000001 -0.26561335000000003
v 0.53128176999999999 0.25002772000000001 -0.26561335000000003
v 0.53128176999999999 0.25002772000000001 -0.26561335000000003
v 0.19492738000000001 0.25002772000000001 0.070741004999999996
v 0.19492738000000001 0.25002772000000001 0.070741004999999996
v 0.19492738000000001 0.25002772000000001 0.070741004999999996
v 0.50838691000000003 0.25002772000000001 -0.28850820999999999
v 0.50838691000000003 0.25002772000000001 -0.28850820999999999
v 0.50838691000000003 0.25002772000000001 -0.28850820999999999
v 0.19492738000000001 0.28240590999999998 0.070741004999999996
v 0.19492738000000001 0.28240590999999998 0.070741004999999996
v 0.19492738000000001 0.28240590999999998 0.070741004999999996
v 0.50838691000000003 0.28240590999999998 -0.28850820999999999
v 0.50838691000000003 0.28240590999999998 -0.28850820999999999
v 0.50838691000000003 0.28240590999999998 -0.28850820999999999
v 0.17203251999999999 0.28240590999999998 0.047846145999999999
v 0.17203251999999999 0.28240590999999998 0.047846145999999999
v 0.17203251999999999 0.28240590999999998 0.047846145999999999
v 0.53128176999999999 0.28240590999999998 -0.26561335000000003
v 0.53128176999999999 0.28240590999999998 -0.26561335000000003
v 0.53128176999999999 0.28240590999999998 -0.26561335000000003
vn 0 -1 0
vn -0.70710670948028564 0 -0.7071068286895752
vn -0.7071068286895752 0 0.70710670948028564
vn 0 -1 0
vn 0.70710670948028564 0 0.7071068286895752
vn 0.7071068286895752 0 -0.70710670948028564
vn 0 -1 0
vn 0.70710670948028564 0 0.7071068286895752
vn -0.7071068286895752 0 0.70710670948028564
vn 0 -1 0
vn -0.70710670948028564 0 -0.7071068286895752
vn 0.7071068286895752 0 -0.70710670948028564
vn 0 1 0
vn 0.70710670948028564 0 0.7071068286895752
vn -0.7071068286895752 0 0.70710670948028564
vn 0 1 0
vn -0.70710670948028564 0 -0.7071068286895752
vn 0.7071068286895752 0 -0.70710670948028564
vn 0 1 0
vn -0.70710670948028564 0 -0.7071068286895752
vn -0.7071068286895752 0 0.70710670948028564
vn 0 1 0
vn 0.70710670948028564 0 0.7071068286895752
vn 0.7071068286895752 0 -0.70710670948028564
f 73//73 76//76 79//79
f 73//73 82//82 76//76
f 85//85 88//88 91//91
f 85//85 94//94 88//88
f 92//92 83//83 74//74
f 92//92 89//89 83//83
f 80//80 95//95 86//86
f 80//80 77//77 95//95
f 81//81 93//93 75//75
f 81//81 87//87 93//93
f 96//96 84//84 90//90
f 96//96 78//78 84//84
