# Rhino

mtllib half circle.mtl
usemtl diffuse_0
v 0.14943535999999999 0.25002772000000001 0.16989446999999999
v 0.14943535999999999 0.25002772000000001 0.16989446999999999
v 0.14943535999999999 0.25002772000000001 0.16989446999999999
v -0.12751288999999999 0.25002772000000001 0.20227266999999999
v -0.12751288999999999 0.25002772000000001 0.20227266999999999
v -0.12751288999999999 0.25002772000000001 0.20227266999999999
v 0.14943535999999999 0.25002772000000001 0.20227265
v 0.14943535999999999 0.25002772000000001 0.20227265
v 0.14943535999999999 0.25002772000000001 0.20227265
v -0.12751288999999999 0.25002772000000001 0.16989449000000001
v -0.12751288999999999 0.25002772000000001 0.16989449000000001
v -0.12751288999999999 0.25002772000000001 0.16989449000000001
v 0.14943535999999999 0.28240590999999998 0.20227265
v 0.14943535999999999 0.28240590999999998 0.20227265
v 0.14943535999999999 0.28240590999999998 0.20227265
v -0.12751288999999999 0.28240590999999998 0.16989449000000001
v -0.12751288999999999 0.28240590999999998 0.16989449000000001
v -0.12751288999999999 0.28240590999999998 0.16989449000000001
v 0.14943535999999999 0.28240590999999998 0.16989446999999999
v 0.14943535999999999 0.28240590999999998 0.16989446999999999
v 0.14943535999999999 0.28240590999999998 0.16989446999999999
v -0.12751288999999999 0.28240590999999998 0.20227266999999999
v -0.12751288999999999 0.28240590999999998 0.20227266999999999
v -0.12751288999999999 0.28240590999999998 0.20227266999999999
vn 0 1 0
vn 5.9604651880817983E-08 0 1
vn -1 0 5.9604651880817983E-08
vn 0 1 0
vn -5.9604651880817983E-08 0 -1
vn 1 0 -5.9604651880817983E-08
vn 0 1 0
vn -5.9604651880817983E-08 0 -1
vn -1 0 5.9604651880817983E-08
vn 0 1 0
vn 5.9604651880817983E-08 0 1
vn 1 0 -5.9604651880817983E-08
vn 0 -1 0
vn -5.9604651880817983E-08 0 -1
vn -1 0 5.9604651880817983E-08
vn 0 -1 0
vn 5.9604651880817983E-08 0 1
vn 1 0 -5.9604651880817983E-08
vn 0 -1 0
vn 5.9604651880817983E-08 0 1
vn -1 0 5.9604651880817983E-08
vn 0 -1 0
vn -5.9604651880817983E-08 0 -1
vn 1 0 -5.9604651880817983E-08
f 1//1 7//7 4//4
f 1//1 4//4 10//10
f 13//13 19//19 16//16
f 13//13 16//16 22//22
f 20//20 2//2 11//11
f 20//20 11//11 17//17
f 8//8 14//14 23//23
f 8//8 23//23 5//5
f 9//9 3//3 21//21
f 9//9 21//21 15//15
f 24//24 18//18 12//12
f 24//24 12//12 6//6
usemtl diffuse_0
v 0.26831314000000001 0.25002769000000002 0.13352766999999999
v 0.26831314000000001 0.25002769000000002 0.13352766999999999
v 0.26831314000000001 0.25002769000000002 0.13352766999999999
v 0.13331436999999999 0.25002769000000002 0.17408201000000001
v 0.13331436999999999 0.25002769000000002 0.17408201000000001
v 0.13331436999999999 0.25002769000000002 0.17408201000000001
v 0.25212401000000001 0.25002769000000002 0.10548726
v 0.25212401000000001 0.25002769000000002 0.10548726
v 0.25212401000000001 0.25002769000000002 0.10548726
v 0.14950350000000001 0.25002769000000002 0.20212242
v 0.14950350000000001 0.25002769000000002 0.20212242
v 0.14950350000000001 0.25002769000000002 0.20212242
v 0.25212401000000001 0.28240594000000002 0.10548726
v 0.25212401000000001 0.28240594000000002 0.10548726
v 0.25212401000000001 0.28240594000000002 0.10548726
v 0.14950350000000001 0.28240594000000002 0.20212242
v 0.14950350000000001 0.28240594000000002 0.20212242
v 0.14950350000000001 0.28240594000000002 0.20212242
v 0.26831314000000001 0.28240594000000002 0.13352766999999999
v 0.26831314000000001 0.28240594000000002 0.13352766999999999
v 0.26831314000000001 0.28240594000000002 0.13352766999999999
v 0.13331436999999999 0.28240594000000002 0.17408201000000001
v 0.13331436999999999 0.28240594000000002 0.17408201000000001
v 0.13331436999999999 0.28240594000000002 0.17408201000000001
vn 0 -1 0
vn 0.49999988079071045 0 0.86602544784545898
vn 0.86602544784545898 0 -0.49999991059303284
vn 0 -1 0
vn -0.49999988079071045 0 -0.86602544784545898
vn -0.86602544784545898 0 0.49999991059303284
vn 0 -1 0
vn -0.49999988079071045 0 -0.86602544784545898
vn 0.86602544784545898 0 -0.49999991059303284
vn 0 -1 0
vn 0.49999988079071045 0 0.86602544784545898
vn -0.86602544784545898 0 0.49999991059303284
vn 0 1 0
vn -0.49999988079071045 0 -0.86602544784545898
vn 0.86602544784545898 0 -0.49999991059303284
vn 0 1 0
vn 0.49999988079071045 0 0.86602544784545898
vn -0.86602544784545898 0 0.49999991059303284
vn 0 1 0
vn 0.49999988079071045 0 0.86602544784545898
vn 0.86602544784545898 0 -0.49999991059303284
vn 0 1 0
vn -0.49999988079071045 0 -0.86602544784545898
vn -0.86602544784545898 0 0.49999991059303284
f 25//25 28//28 31//31
f 25//25 34//34 28//28
f 37//37 40//40 43//43
f 37//37 46//46 40//40
f 44//44 35//35 26//26
f 44//44 41//41 35//35
f 32//32 47//47 38//38
f 32//32 29//29 47//47
f 33//33 45//45 27//27
f 33//33 39//39 45//45
f 48//48 36//36 42//42
f 48//48 30//30 36//36
usemtl diffuse_0
v 0.33683297000000001 0.25002772000000001 0.014794823
v 0.33683297000000001 0.25002772000000001 0.014794823
v 0.33683297000000001 0.25002772000000001 0.014794823
v 0.24019774999999999 0.25002772000000001 0.11741523
v 0.24019774999999999 0.25002772000000001 0.11741523
v 0.24019774999999999 0.25002772000000001 0.11741523
v 0.30879255999999999 0.25002772000000001 -0.0013943314999999999
v 0.30879255999999999 0.25002772000000001 -0.0013943314999999999
v 0.30879255999999999 0.25002772000000001 -0.0013943314999999999
v 0.26823816 0.25002772000000001 0.13360438999999999
v 0.26823816 0.25002772000000001 0.13360438999999999
v 0.26823816 0.25002772000000001 0.13360438999999999
v 0.30879255999999999 0.28240590999999998 -0.0013943314999999999
v 0.30879255999999999 0.28240590999999998 -0.0013943314999999999
v 0.30879255999999999 0.28240590999999998 -0.0013943314999999999
v 0.26823816 0.28240590999999998 0.13360438999999999
v 0.26823816 0.28240590999999998 0.13360438999999999
v 0.26823816 0.28240590999999998 0.13360438999999999
v 0.33683297000000001 0.28240590999999998 0.014794823
v 0.33683297000000001 0.28240590999999998 0.014794823
v 0.33683297000000001 0.28240590999999998 0.014794823
v 0.24019774999999999 0.28240590999999998 0.11741523
v 0.24019774999999999 0.28240590999999998 0.11741523
v 0.24019774999999999 0.28240590999999998 0.11741523
vn 0 -1 0
vn 0.86602514982223511 0 0.50000041723251343
vn 0.50000041723251343 0 -0.86602514982223511
vn 0 -1 0
vn -0.86602514982223511 0 -0.50000041723251343
vn -0.50000041723251343 0 0.86602514982223511
vn 0 -1 0
vn -0.86602514982223511 0 -0.50000041723251343
vn 0.50000041723251343 0 -0.86602514982223511
vn 0 -1 0
vn 0.86602514982223511 0 0.50000041723251343
vn -0.50000041723251343 0 0.86602514982223511
vn 0 1 0
vn -0.86602514982223511 0 -0.50000041723251343
vn 0.50000041723251343 0 -0.86602514982223511
vn 0 1 0
vn 0.86602514982223511 0 0.50000041723251343
vn -0.50000041723251343 0 0.86602514982223511
vn 0 1 0
vn 0.86602514982223511 0 0.50000041723251343
vn 0.50000041723251343 0 -0.86602514982223511
vn 0 1 0
vn -0.86602514982223511 0 -0.50000041723251343
vn -0.50000041723251343 0 0.86602514982223511
f 49//49 52//52 55//55
f 49//49 58//58 52//52
f 61//61 64//64 67//67
f 61//61 70//70 64//64
f 68//68 59//59 50//50
f 68//68 65//65 59//59
f 56//56 71//71 62//62
f 56//56 53//53 71//71
f 57//57 69//69 51//51
f 57//57 63//63 69//69
f 72//72 60//60 66//66
f 72//72 54//54 60//60
usemtl diffuse_0
v 0.26806265000000001 0.25002769000000002 -0.25541559000000003
v 0.26806265000000001 0.25002769000000002 -0.25541559000000003
v 0.26806265000000001 0.25002769000000002 -0.25541559000000003
v 0.13306388 0.25002769000000002 -0.29596992999999999
v 0.13306388 0.25002769000000002 -0.29596992999999999
v 0.13306388 0.25002769000000002 -0.29596992999999999
v 0.25187355 0.25002769000000002 -0.22737518000000001
v 0.25187355 0.25002769000000002 -0.22737518000000001
v 0.25187355 0.25002769000000002 -0.22737518000000001
v 0.149253 0.25002769000000002 -0.32401034000000001
v 0.149253 0.25002769000000002 -0.32401034000000001
v 0.149253 0.25002769000000002 -0.32401034000000001
v 0.25187355 0.28240594000000002 -0.22737518000000001
v 0.25187355 0.28240594000000002 -0.22737518000000001
v 0.25187355 0.28240594000000002 -0.22737518000000001
v 0.149253 0.28240594000000002 -0.32401034000000001
v 0.149253 0.28240594000000002 -0.32401034000000001
v 0.149253 0.28240594000000002 -0.32401034000000001
v 0.26806265000000001 0.28240594000000002 -0.25541559000000003
v 0.26806265000000001 0.28240594000000002 -0.25541559000000003
v 0.26806265000000001 0.28240594000000002 -0.25541559000000003
v 0.13306388 0.28240594000000002 -0.29596992999999999
v 0.13306388 0.28240594000000002 -0.29596992999999999
v 0.13306388 0.28240594000000002 -0.29596992999999999
vn 0 1 0
vn -0.4999997615814209 0 0.86602550745010376
vn -0.86602550745010376 0 -0.49999979138374329
vn 0 1 0
vn 0.4999997615814209 0 -0.86602550745010376
vn 0.86602550745010376 0 0.49999979138374329
vn 0 1 0
vn 0.4999997615814209 0 -0.86602550745010376
vn -0.86602550745010376 0 -0.49999979138374329
vn 0 1 0
vn -0.4999997615814209 0 0.86602550745010376
vn 0.86602550745010376 0 0.49999979138374329
vn 0 -1 0
vn 0.4999997615814209 0 -0.86602550745010376
vn -0.86602550745010376 0 -0.49999979138374329
vn 0 -1 0
vn -0.4999997615814209 0 0.86602550745010376
vn 0.86602550745010376 0 0.49999979138374329
vn 0 -1 0
vn -0.4999997615814209 0 0.86602550745010376
vn -0.86602550745010376 0 -0.49999979138374329
vn 0 -1 0
vn 0.4999997615814209 0 -0.86602550745010376
vn 0.86602550745010376 0 0.49999979138374329
f 73//73 79//79 76//76
f 73//73 76//76 82//82
f 85//85 91//91 88//88
f 85//85 88//88 94//94
f 92//92 74//74 83//83
f 92//92 83//83 89//89
f 80//80 86//86 95//95
f 80//80 95//95 77//77
f 81//81 75//75 93//93
f 81//81 93//93 87//87
f 96//96 90//90 84//84
f 96//96 84//84 78//78
usemtl diffuse_0
v 0.33666312999999998 0.25002772000000001 0.014897738000000001
v 0.33666312999999998 0.25002772000000001 0.014897738000000001
v 0.33666312999999998 0.25002772000000001 0.014897738000000001
v 0.30428481000000002 0.25002772000000001 -0.13683978999999999
v 0.30428481000000002 0.25002772000000001 -0.13683978999999999
v 0.30428481000000002 0.25002772000000001 -0.13683978999999999
v 0.30428486999999999 0.25002772000000001 0.014897753
v 0.30428486999999999 0.25002772000000001 0.014897753
v 0.30428486999999999 0.25002772000000001 0.014897753
v 0.33666307000000001 0.25002772000000001 -0.13683981000000001
v 0.33666307000000001 0.25002772000000001 -0.13683981000000001
v 0.33666307000000001 0.25002772000000001 -0.13683981000000001
v 0.30428486999999999 0.28240590999999998 0.014897753
v 0.30428486999999999 0.28240590999999998 0.014897753
v 0.30428486999999999 0.28240590999999998 0.014897753
v 0.33666307000000001 0.28240590999999998 -0.13683981000000001
v 0.33666307000000001 0.28240590999999998 -0.13683981000000001
v 0.33666307000000001 0.28240590999999998 -0.13683981000000001
v 0.33666312999999998 0.28240590999999998 0.014897738000000001
v 0.33666312999999998 0.28240590999999998 0.014897738000000001
v 0.33666312999999998 0.28240590999999998 0.014897738000000001
v 0.30428481000000002 0.28240590999999998 -0.13683978999999999
v 0.30428481000000002 0.28240590999999998 -0.13683978999999999
v 0.30428481000000002 0.28240590999999998 -0.13683978999999999
vn 0 1 0
vn -1 0 4.1723251342773438E-07
vn -4.1723251342773438E-07 0 -1
vn 0 1 0
vn 1 0 -4.1723251342773438E-07
vn 4.1723251342773438E-07 0 1
vn 0 1 0
vn 1 0 -4.1723251342773438E-07
vn -4.1723251342773438E-07 0 -1
vn 0 1 0
vn -1 0 4.1723251342773438E-07
vn 4.1723251342773438E-07 0 1
vn 0 -1 0
vn 1 0 -4.1723251342773438E-07
vn -4.1723251342773438E-07 0 -1
vn 0 -1 0
vn -1 0 4.1723251342773438E-07
vn 4.1723251342773438E-07 0 1
vn 0 -1 0
vn -1 0 4.1723251342773438E-07
vn -4.1723251342773438E-07 0 -1
vn 0 -1 0
vn 1 0 -4.1723251342773438E-07
vn 4.1723251342773438E-07 0 1
f 97//97 103//103 100//100
f 97//97 100//100 106//106
f 109//109 115//115 112//112
f 109//109 112//112 118//118
f 116//116 98//98 107//107
f 116//116 107//107 113//113
f 104//104 110//110 119//119
f 104//104 119//119 101//101
f 105//105 99//99 117//117
f 105//105 117//117 111//111
f 120//120 114//114 108//108
f 120//120 108//108 102//102
usemtl diffuse_0
v 0.33676460000000003 0.25002772000000001 -0.13657752000000001
v 0.33676460000000003 0.25002772000000001 -0.13657752000000001
v 0.33676460000000003 0.25002772000000001 -0.13657752000000001
v 0.24012943 0.25002772000000001 -0.23919797000000001
v 0.24012943 0.25002772000000001 -0.23919797000000001
v 0.24012943 0.25002772000000001 -0.23919797000000001
v 0.30872421999999999 0.25002772000000001 -0.12038836999999999
v 0.30872421999999999 0.25002772000000001 -0.12038836999999999
v 0.30872421999999999 0.25002772000000001 -0.12038836999999999
v 0.26816982 0.25002772000000001 -0.25538713000000002
v 0.26816982 0.25002772000000001 -0.25538713000000002
v 0.26816982 0.25002772000000001 -0.25538713000000002
v 0.30872421999999999 0.28240590999999998 -0.12038836999999999
v 0.30872421999999999 0.28240590999999998 -0.12038836999999999
v 0.30872421999999999 0.28240590999999998 -0.12038836999999999
v 0.26816982 0.28240590999999998 -0.25538713000000002
v 0.26816982 0.28240590999999998 -0.25538713000000002
v 0.26816982 0.28240590999999998 -0.25538713000000002
v 0.33676460000000003 0.28240590999999998 -0.13657752000000001
v 0.33676460000000003 0.28240590999999998 -0.13657752000000001
v 0.33676460000000003 0.28240590999999998 -0.13657752000000001
v 0.24012943 0.28240590999999998 -0.23919797000000001
v 0.24012943 0.28240590999999998 -0.23919797000000001
v 0.24012943 0.28240590999999998 -0.23919797000000001
vn 0 1 0
vn -0.86602526903152466 0 0.50000017881393433
vn -0.50000017881393433 0 -0.86602526903152466
vn 0 1 0
vn 0.86602526903152466 0 -0.50000017881393433
vn 0.50000017881393433 0 0.86602526903152466
vn 0 1 0
vn 0.86602526903152466 0 -0.50000017881393433
vn -0.50000017881393433 0 -0.86602526903152466
vn 0 1 0
vn -0.86602526903152466 0 0.50000017881393433
vn 0.50000017881393433 0 0.86602526903152466
vn 0 -1 0
vn 0.86602526903152466 0 -0.50000017881393433
vn -0.50000017881393433 0 -0.86602526903152466
vn 0 -1 0
vn -0.86602526903152466 0 0.50000017881393433
vn 0.50000017881393433 0 0.86602526903152466
vn 0 -1 0
vn -0.86602526903152466 0 0.50000017881393433
vn -0.50000017881393433 0 -0.86602526903152466
vn 0 -1 0
vn 0.86602526903152466 0 -0.50000017881393433
vn 0.50000017881393433 0 0.86602526903152466
f 121//121 127//127 124//124
f 121//121 124//124 130//130
f 133//133 139//139 136//136
f 133//133 136//136 142//142
f 140//140 122//122 131//131
f 140//140 131//131 137//137
f 128//128 134//134 143//143
f 128//128 143//143 125//125
f 129//129 123//123 141//141
f 129//129 141//141 135//135
f 144//144 138//138 132//132
f 144//144 132//132 126//126
usemtl diffuse_0
v -0.12692824 0.25002772000000001 -0.29055839999999999
v -0.12692824 0.25002772000000001 -0.29055839999999999
v -0.12692824 0.25002772000000001 -0.29055839999999999
v 0.012972216999999999 0.25002769000000002 -0.1964477
v 0.012972216999999999 0.25002769000000002 -0.1964477
v 0.012972216999999999 0.25002769000000002 -0.1964477
v -0.10403343 0.25002769000000002 -0.31345323000000003
v -0.10403343 0.25002769000000002 -0.31345323000000003
v -0.10403343 0.25002769000000002 -0.31345323000000003
v -0.0099225864000000007 0.25002772000000001 -0.17355286
v -0.0099225864000000007 0.25002772000000001 -0.17355286
v -0.0099225864000000007 0.25002772000000001 -0.17355286
v -0.10403343 0.28240590999999998 -0.31345326000000001
v -0.10403343 0.28240590999999998 -0.31345326000000001
v -0.10403343 0.28240590999999998 -0.31345326000000001
v -0.0099225788999999995 0.28240594000000002 -0.17355287
v -0.0099225788999999995 0.28240594000000002 -0.17355287
v -0.0099225788999999995 0.28240594000000002 -0.17355287
v -0.12692823 0.28240594000000002 -0.29055839999999999
v -0.12692823 0.28240594000000002 -0.29055839999999999
v -0.12692823 0.28240594000000002 -0.29055839999999999
v 0.012972232 0.28240590999999998 -0.1964477
v 0.012972232 0.28240590999999998 -0.1964477
v 0.012972232 0.28240590999999998 -0.1964477
vt 0.0020139291882514954 0.1039043664932251
vt 0.35202485322952271 0.00014793872833251953
vt 0.0020139291882514954 0.1039043664932251
vt 0.079500004649162292 0.97908806800842285
vt 0.079500004649162292 0.97908806800842285
vt 0.26659959554672241 0.99985206127166748
vt 0.072338707745075226 0.13226455450057983
vt 0.072338707745075226 0.13226455450057983
vt 0.072338707745075226 0.13226455450057983
vt 9.9919736385345459E-05 0.98524510860443115
vt 0.3655514121055603 0.945931077003479
vt 0.3655514121055603 0.945931077003479
vt 0.17234587669372559 0.0086387395858764648
vt 0.17102923989295959 0.093860149383544922
vt 0.17102923989295959 0.093860149383544922
vt 0.27388590574264526 0.86037516593933105
vt 0.27388590574264526 0.86037516593933105
vt 0.27388590574264526 0.86037516593933105
vt 0.27960538864135742 0.008059382438659668
vt 0.27960538864135742 0.008059382438659668
vt 0.06557387113571167 0.054852604866027832
vt 0.18888366222381592 0.91821271181106567
vt 0.17887318134307861 0.97785639762878418
vt 0.18888366222381592 0.91821271181106567
vn 3.3717466862981382E-07 1 -3.3717438441271952E-07
vn 0.70710635185241699 -4.7683673187748354E-07 -0.70710724592208862
vn 0.70710712671279907 0 0.70710641145706177
vn 3.3717466862981382E-07 1 -3.3717438441271952E-07
vn -0.70710635185241699 4.7683673187748354E-07 0.70710724592208862
vn -0.70710712671279907 0 -0.70710641145706177
vn 3.3717466862981382E-07 1 -3.3717438441271952E-07
vn -0.70710635185241699 4.7683673187748354E-07 0.70710724592208862
vn 0.70710712671279907 0 0.70710641145706177
vn 3.3717466862981382E-07 1 -3.3717438441271952E-07
vn 0.70710635185241699 -4.7683673187748354E-07 -0.70710724592208862
vn -0.70710712671279907 0 -0.70710641145706177
vn -3.3717466862981382E-07 -1 3.3717438441271952E-07
vn -0.70710635185241699 4.7683673187748354E-07 0.70710724592208862
vn 0.70710712671279907 0 0.70710641145706177
vn -3.3717466862981382E-07 -1 3.3717438441271952E-07
vn 0.70710635185241699 -4.7683673187748354E-07 -0.70710724592208862
vn -0.70710712671279907 0 -0.70710641145706177
vn -3.3717466862981382E-07 -1 3.3717438441271952E-07
vn 0.70710635185241699 -4.7683673187748354E-07 -0.70710724592208862
vn 0.70710712671279907 0 0.70710641145706177
vn -3.3717466862981382E-07 -1 3.3717438441271952E-07
vn -0.70710635185241699 4.7683673187748354E-07 0.70710724592208862
vn -0.70710712671279907 0 -0.70710641145706177
f 145/1/145 151/7/151 148/4/148
f 145/1/145 148/4/148 154/10/154
f 157/13/157 163/19/163 160/16/160
f 157/13/157 160/16/160 166/22/166
f 164/20/164 146/2/146 155/11/155
f 164/20/164 155/11/155 161/17/161
f 152/8/152 158/14/158 167/23/167
f 152/8/152 167/23/167 149/5/149
f 153/9/153 147/3/147 165/21/165
f 153/9/153 165/21/165 159/15/159
f 168/24/168 162/18/162 156/12/156
f 168/24/168 156/12/156 150/6/150
usemtl diffuse_0
v -0.10393363 0.25002772000000001 -0.30050789999999999
v -0.10393363 0.25002772000000001 -0.30050789999999999
v -0.10393363 0.25002772000000001 -0.30050789999999999
v -0.0098230429000000005 0.25002772000000001 -0.44040805
v -0.0098230429000000005 0.25002772000000001 -0.44040805
v -0.0098230429000000005 0.25002772000000001 -0.44040805
v -0.12682846 0.25002772000000001 -0.32340273000000003
v -0.12682846 0.25002772000000001 -0.32340273000000003
v -0.12682846 0.25002772000000001 -0.32340273000000003
v 0.013071783 0.25002772000000001 -0.41751322000000002
v 0.013071783 0.25002772000000001 -0.41751322000000002
v 0.013071783 0.25002772000000001 -0.41751322000000002
v -0.12682846 0.28240590999999998 -0.32340273000000003
v -0.12682846 0.28240590999999998 -0.32340273000000003
v -0.12682846 0.28240590999999998 -0.32340273000000003
v 0.013071783 0.28240590999999998 -0.41751322000000002
v 0.013071783 0.28240590999999998 -0.41751322000000002
v 0.013071783 0.28240590999999998 -0.41751322000000002
v -0.10393363 0.28240590999999998 -0.30050789999999999
v -0.10393363 0.28240590999999998 -0.30050789999999999
v -0.10393363 0.28240590999999998 -0.30050789999999999
v -0.0098230429000000005 0.28240590999999998 -0.44040805
v -0.0098230429000000005 0.28240590999999998 -0.44040805
v -0.0098230429000000005 0.28240590999999998 -0.44040805
vt 0.0020139291882514954 0.1039043664932251
vt 0.35202485322952271 0.00014793872833251953
vt 0.0020139291882514954 0.1039043664932251
vt 0.079500004649162292 0.97908806800842285
vt 0.079500004649162292 0.97908806800842285
vt 0.26659959554672241 0.99985206127166748
vt 0.072338707745075226 0.13226455450057983
vt 0.072338707745075226 0.13226455450057983
vt 0.072338707745075226 0.13226455450057983
vt 9.9919736385345459E-05 0.98524510860443115
vt 0.3655514121055603 0.945931077003479
vt 0.3655514121055603 0.945931077003479
vt 0.17234587669372559 0.0086387395858764648
vt 0.17102923989295959 0.093860149383544922
vt 0.17102923989295959 0.093860149383544922
vt 0.27388590574264526 0.86037516593933105
vt 0.27388590574264526 0.86037516593933105
vt 0.27388590574264526 0.86037516593933105
vt 0.27960538864135742 0.008059382438659668
vt 0.27960538864135742 0.008059382438659668
vt 0.06557387113571167 0.054852604866027832
vt 0.18888366222381592 0.91821271181106567
vt 0.17887318134307861 0.97785639762878418
vt 0.18888366222381592 0.91821271181106567
vn 0 1 0
vn -0.70710653066635132 0 -0.70710700750350952
vn 0.7071070671081543 0 -0.70710653066635132
vn 0 1 0
vn 0.70710653066635132 0 0.70710700750350952
vn -0.7071070671081543 0 0.70710653066635132
vn 0 1 0
vn 0.70710653066635132 0 0.70710700750350952
vn 0.7071070671081543 0 -0.70710653066635132
vn 0 1 0
vn -0.70710653066635132 0 -0.70710700750350952
vn -0.7071070671081543 0 0.70710653066635132
vn 0 -1 0
vn 0.70710653066635132 0 0.70710700750350952
vn 0.7071070671081543 0 -0.70710653066635132
vn 0 -1 0
vn -0.70710653066635132 0 -0.70710700750350952
vn -0.7071070671081543 0 0.70710653066635132
vn 0 -1 0
vn -0.70710653066635132 0 -0.70710700750350952
vn 0.7071070671081543 0 -0.70710653066635132
vn 0 -1 0
vn 0.70710653066635132 0 0.70710700750350952
vn -0.7071070671081543 0 0.70710653066635132
f 169/25/169 175/31/175 172/28/172
f 169/25/169 172/28/172 178/34/178
f 181/37/181 187/43/187 184/40/184
f 181/37/181 184/40/184 190/46/190
f 188/44/188 170/26/170 179/35/179
f 188/44/188 179/35/179 185/41/185
f 176/32/176 182/38/182 191/47/191
f 176/32/176 191/47/191 173/29/173
f 177/33/177 171/27/171 189/45/189
f 177/33/177 189/45/189 183/39/183
f 192/48/192 186/42/186 180/36/180
f 192/48/192 180/36/180 174/30/174
usemtl diffuse_0
v 0.14962043999999999 0.25002772000000001 -0.3239322
v 0.14962043999999999 0.25002772000000001 -0.3239322
v 0.14962043999999999 0.25002772000000001 -0.3239322
v -0.12732771000000001 0.25002772000000001 -0.29155387999999999
v -0.12732771000000001 0.25002772000000001 -0.29155387999999999
v -0.12732771000000001 0.25002772000000001 -0.29155387999999999
v 0.14962047000000001 0.25002772000000001 -0.29155403000000002
v 0.14962047000000001 0.25002772000000001 -0.29155403000000002
v 0.14962047000000001 0.25002772000000001 -0.29155403000000002
v -0.12732773999999999 0.25002772000000001 -0.32393205000000003
v -0.12732773999999999 0.25002772000000001 -0.32393205000000003
v -0.12732773999999999 0.25002772000000001 -0.32393205000000003
v 0.14962047000000001 0.28240590999999998 -0.29155403000000002
v 0.14962047000000001 0.28240590999999998 -0.29155403000000002
v 0.14962047000000001 0.28240590999999998 -0.29155403000000002
v -0.12732773999999999 0.28240590999999998 -0.32393205000000003
v -0.12732773999999999 0.28240590999999998 -0.32393205000000003
v -0.12732773999999999 0.28240590999999998 -0.32393205000000003
v 0.14962043999999999 0.28240590999999998 -0.3239322
v 0.14962043999999999 0.28240590999999998 -0.3239322
v 0.14962043999999999 0.28240590999999998 -0.3239322
v -0.12732771000000001 0.28240590999999998 -0.29155387999999999
v -0.12732771000000001 0.28240590999999998 -0.29155387999999999
v -0.12732771000000001 0.28240590999999998 -0.29155387999999999
vn 0 1 0
vn 5.3644185982193449E-07 0 1
vn -1 0 5.3644185982193449E-07
vn 0 1 0
vn -5.3644185982193449E-07 0 -1
vn 1 0 -5.3644185982193449E-07
vn 0 1 0
vn -5.3644185982193449E-07 0 -1
vn -1 0 5.3644185982193449E-07
vn 0 1 0
vn 5.3644185982193449E-07 0 1
vn 1 0 -5.3644185982193449E-07
vn 0 -1 0
vn -5.3644185982193449E-07 0 -1
vn -1 0 5.3644185982193449E-07
vn 0 -1 0
vn 5.3644185982193449E-07 0 1
vn 1 0 -5.3644185982193449E-07
vn 0 -1 0
vn 5.3644185982193449E-07 0 1
vn -1 0 5.3644185982193449E-07
vn 0 -1 0
vn -5.3644185982193449E-07 0 -1
vn 1 0 -5.3644185982193449E-07
f 193//193 199//199 196//196
f 193//193 196//196 202//202
f 205//205 211//211 208//208
f 205//205 208//208 214//214
f 212//212 194//194 203//203
f 212//212 203//203 209//209
f 200//200 206//206 215//215
f 200//200 215//215 197//197
f 201//201 195//195 213//213
f 201//201 213//213 207//207
f 216//216 210//210 204//204
f 216//216 204//204 198//198
